-0.0911053089554531, 0.03247188245382772
-0.03964965808814729, 0.08399763916224486
0.026390392906098, 0.09653539785014043
0.0877859725067009, 0.057414454637340136
0.08957622021540304, -0.03497213018365805
0.09694568487505717, -0.10405714326464556
0.0376369152668677, -0.11249361140100816
-0.05398047401952621, -0.09920047024157776
-0.12846982710967397, -0.019149005048439055
-0.12846982710967397, -0.019149005048439055
-0.0911053089554531, 0.03247188245382772
-0.03964965808814729, 0.08399763916224486
0.026390392906098, 0.09653539785014043
0.0877859725067009, 0.057414454637340136
0.09694568487505717, -0.10405714326464556
0.0376369152668677, -0.11249361140100816
-0.05398047401952621, -0.09920047024157776
