0.2828871759979413, -0.11337374979623253
0.2403706253053051, -0.1400413954466319
0.2280518471804581, -0.1580670614560827
0.21694053524183277, -0.25756176029500644
0.15192564744360743, -0.3076042401766807
0.10033571081209623, -0.2261880258089087
-0.020948549108797083, -0.19503049555289012
-0.0956597573897539, -0.2364532434003813
-0.12205801644004614, -0.16372748400042061
-0.17372756031364395, -0.14898327372806952
-0.29083847186470635, -0.1639757687830421
-0.36066746754160556, -0.1829551629649146
-0.3826752098473003, -0.09882190810419646
-0.3079166826851754, -0.03356920562855913
-0.296029208143121, 0.034150629563283345
-0.26120624528545744, 0.09729691152227347
-0.21809816977628757, 0.1977159716635344
-0.21701614486135234, 0.24854508753625112
-0.23166987558517202, 0.33813824138713666
-0.16249934181729522, 0.33288533360272277
-0.10577632384087761, 0.34056191453129464
-0.11362552338561364, 0.261100584149062
-0.004272056257956993, 0.19946865882981338
0.05012286187278274, 0.17838200072128343
0.10124745444341395, 0.10861762236395969
0.09140023992456442, 0.03376459435294656
0.18257539446332688, 0.014886387493611436
0.26215290248136686, -0.03591711172544863
0.30187065468202556, -0.040095774550156074
-0.3826752098473003, -0.09882190810419646
-0.23166987558517202, 0.33813824138713666
-0.10577632384087761, 0.34056191453129464
0.30187065468202556, -0.040095774550156074
0.2828871759979413, -0.11337374979623253
0.21694053524183277, -0.25756176029500644
0.15192564744360743, -0.3076042401766807
-0.36066746754160556, -0.1829551629649146
