-0.9084104889634859, 0.26310904611290686
-0.973935309925271, 0.32615176827230463
-1.008181157705977, 0.3682063251423171
-1.0412014388232367, 0.4228623634633105
-0.9422531983943635, 0.4807688212647799
-0.9078865914599978, 0.5124089392565986
-0.8218954538415263, 0.524999229816594
-0.7591928024717284, 0.4635591780773757
-0.7735124568472608, 0.3950781808375376
-0.8278203579469, 0.32305686618651025
-0.8166488491365101, 0.2647001856052161
-1.0412014388232367, 0.4228623634633105
-0.9078865914599978, 0.5124089392565986
-0.8218954538415263, 0.524999229816594
-0.7591928024717284, 0.4635591780773757
-0.7735124568472608, 0.3950781808375376
-0.8166488491365101, 0.2647001856052161
-0.9084104889634859, 0.26310904611290686
-0.973935309925271, 0.32615176827230463
-1.008181157705977, 0.3682063251423171
