-0.10862838839040459, 0.050883119296872496
-0.08791699701242457, 0.049161755195259504
-0.018963605933585346, 0.1486119504270518
0.059068826048512324, 0.12994857742456814
0.10790949270665795, 0.10368715932862418
0.17115369302094804, 0.057515748586048146
0.17991201831177625, -0.03854200078348972
0.15832295219580367, -0.08444852145122371
0.13073091573133314, -0.12688681192012588
0.07996088315023497, -0.12979377771026915
0.053969573114446355, -0.13208172903445828
-0.06340249443254384, -0.1827132342244529
-0.12294493741417079, -0.15021755834686668
-0.10523863211661139, -0.01909204765596658
-0.12020780068378743, -0.0037539071160259587
-0.12294493741417079, -0.15021755834686668
-0.12020780068378743, -0.0037539071160259587
-0.10862838839040459, 0.050883119296872496
-0.018963605933585346, 0.1486119504270518
0.059068826048512324, 0.12994857742456814
0.10790949270665795, 0.10368715932862418
0.17115369302094804, 0.057515748586048146
0.17991201831177625, -0.03854200078348972
0.15832295219580367, -0.08444852145122371
0.13073091573133314, -0.12688681192012588
-0.06340249443254384, -0.1827132342244529
