-0.04236877146125613, 9.457403317728112E-4
-0.019956719277005777, 0.07709414622005774
0.04375939961058389, 0.0983788118082402
0.10292407201289178, 0.06792573478470966
0.13095104058832707, 0.007145298508404225
0.1530581641153655, -0.09037110956487247
0.06844904236715721, -0.06063100869450691
-0.013116056324370419, -0.061907411716892034
-0.04236877146125613, 9.457403317728112E-4
-0.019956719277005777, 0.07709414622005774
0.04375939961058389, 0.0983788118082402
0.10292407201289178, 0.06792573478470966
0.13095104058832707, 0.007145298508404225
0.1530581641153655, -0.09037110956487247
-0.013116056324370419, -0.061907411716892034
