-0.22717313213036208, 0.0496145043137342
-0.2005502540340696, 0.06710374216877897
-0.09001376616396246, 0.11073929843088737
-0.0809027752748922, 0.1872470466179389
0.04976254050384277, 0.17394349928359093
0.1059945818925667, 0.11105453895003621
0.19517297710423812, 0.07660299558779537
0.2915275729434589, 0.0740600550169421
0.34952199472994494, 0.017457264216529298
0.33104495175106885, -0.03408368917866668
0.3095472519280914, -0.09120457577468333
0.2495792850678207, -0.08923401085876295
0.20600318390216577, -0.16203747494980858
0.16631697772260937, -0.2098648252526231
0.07145912195590082, -0.18397642780116075
-0.04494832857261484, -0.20823157889710783
0.02208628997539885, -0.1485808164353348
0.02387661130788045, -0.08861541681405506
-0.06465115661089202, -0.06719135211661936
-0.12997064814756373, -0.06743373797288829
-0.2011406949973039, -0.07438901919341917
-0.24750904452699096, -0.004713289670671909
-0.24750904452699096, -0.004713289670671909
-0.22717313213036208, 0.0496145043137342
-0.0809027752748922, 0.1872470466179389
0.04976254050384277, 0.17394349928359093
0.19680780489914387, 0.11319283024475438
0.02387661130788045, -0.08861541681405506
-0.2011406949973039, -0.07438901919341917
-0.04494832857261484, -0.20823157889710783
0.02387661130788045, -0.08861541681405506
0.19680780489914387, 0.11319283024475438
0.2915275729434589, 0.0740600550169421
0.34952199472994494, 0.017457264216529298
0.33104495175106885, -0.03408368917866668
0.3095472519280914, -0.09120457577468333
0.16631697772260937, -0.2098648252526231
