-0.8558030697691169, -0.33770023691338047
-0.9344546469076221, -0.36511000500022156
-0.9950813510784752, -0.36431825361247716
-1.0557366073850913, -0.32557919589277706
-1.1314018723289354, -0.30799879020056364
-1.099496405964317, -0.22995351501648564
-0.9739563514954198, -0.22134411692299924
-0.8580277097292556, -0.2619807139916829
-1.1314018723289354, -0.30799879020056364
-1.099496405964317, -0.22995351501648564
-0.9739563514954198, -0.22134411692299924
-0.8580277097292556, -0.2619807139916829
-0.8558030697691169, -0.33770023691338047
-0.9344546469076221, -0.36511000500022156
-0.9950813510784752, -0.36431825361247716
