-0.028269458972086055, 0.06455318659950302
0.059257038582783444, 0.05961847643406739
0.16536597727796384, 0.02425672487524454
0.10574753694068363, -0.036334465837247934
0.04629510798610499, -0.08215807735275109
-0.024582736850892496, -0.06345534686036367
-0.08072013750521062, -0.13120113000574665
-0.12281886019939209, -0.042790812141007786
-0.14548878232612847, 0.03554606694229449
-0.14548878232612847, 0.03554606694229449
-0.028269458972086055, 0.06455318659950302
0.059257038582783444, 0.05961847643406739
0.16536597727796384, 0.02425672487524454
0.10574753694068363, -0.036334465837247934
0.04629510798610499, -0.08215807735275109
-0.08072013750521062, -0.13120113000574665
-0.12281886019939209, -0.042790812141007786
