-0.13080833426241212, -0.06052641550402363
-0.15593582722417387, 0.021097392579371474
-0.12846165384514788, 0.09513807468655536
-0.07778884542530823, 0.11384070854346039
3.103372568582893E-4, 0.12472734678248931
0.1137921509079, 0.10062724526126693
0.18998673201477378, 0.07702655332250119
0.17640577111210404, -0.01104524119739835
0.11449558577247618, -0.051602381122779345
0.0708286636967536, -0.07810662015249932
-0.03361293869997081, -0.08524122285150837
-0.1251390520280833, -0.12039854982068532
-0.15593582722417387, 0.021097392579371474
-0.12846165384514788, 0.09513807468655536
-0.07778884542530823, 0.11384070854346039
3.103372568582893E-4, 0.12472734678248931
0.1137921509079, 0.10062724526126693
0.18998673201477378, 0.07702655332250119
0.17640577111210404, -0.01104524119739835
0.11449558577247618, -0.051602381122779345
0.0708286636967536, -0.07810662015249932
-0.1251390520280833, -0.12039854982068532
