1.8262444140525675, -0.5521514836248445
1.8334055310744792, -0.6163971010101496
1.9202916814714666, -0.6478419493682634
1.993246055792356, -0.6972634051176513
1.9328717847828434, -0.7839389536471862
1.8594938680932669, -0.8211354384226831
1.8172348849962459, -0.8588685045488477
1.7797345612804052, -0.7675879441923434
1.6962930429716145, -0.6801092620391205
1.6721474064303246, -0.6678681509748453
1.6063706872194592, -0.6709446625800581
1.5746023361590045, -0.713923470422227
1.4539270770599262, -0.7313235654152166
1.4032273297621103, -0.773845201908579
1.3042395118980081, -0.6950792436892392
1.2054135723430992, -0.6845509078749499
1.2357233947952235, -0.5952869332289628
1.2829716336354189, -0.5678350595881689
1.3740124866277599, -0.549592219077371
1.4166345258857773, -0.518495984315141
1.4859354691406697, -0.44711406469181586
1.5639854517844032, -0.45573234881170677
1.6554887725584158, -0.4356729871906884
1.703176141111979, -0.4827969271565108
1.7933216174054012, -0.4622137047263823
1.2054135723430992, -0.6845509078749499
1.2357233947952235, -0.5952869332289628
1.4859354691406697, -0.44711406469181586
1.6554887725584158, -0.4356729871906884
1.7104981907274628, -0.48112505872698064
1.6721474064303246, -0.6678681509748453
1.5746023361590045, -0.713923470422227
1.4032273297621103, -0.773845201908579
1.6721474064303246, -0.6678681509748453
1.7104981907274628, -0.48112505872698064
1.7933216174054012, -0.4622137047263823
1.993246055792356, -0.6972634051176513
1.9328717847828434, -0.7839389536471862
1.8172348849962459, -0.8588685045488477
