0.09418565508390149, -0.2575286949771029
0.05476694443105799, -0.16048932158619117
0.15193285262051756, -0.1687258917948323
0.21227162994235815, -0.13403822287332356
0.2685631904492718, -0.1373902002956422
0.35123077749879517, -0.1786710579917646
0.3051647628085298, -0.20930771206116003
0.2899388957368712, -0.23630520234563998
0.24096131916411836, -0.24240131534308973
0.21008214858155044, -0.2555164658867406
0.19155073660051952, -0.2665441376139004
0.05476694443105799, -0.16048932158619117
0.21227162994235815, -0.13403822287332356
0.2685631904492718, -0.1373902002956422
0.35123077749879517, -0.1786710579917646
0.2899388957368712, -0.23630520234563998
0.19155073660051952, -0.2665441376139004
0.09418565508390149, -0.2575286949771029
