0.053510187931383235, -0.10763609482322914
-0.0021104640963423185, -0.08151248850440605
-0.10932541839728689, -0.06714371853143808
-0.18706417054688398, -0.006746300182988534
-0.16166655971339686, 0.08571199177250212
-0.07636522957536124, 0.0909683009503774
-0.02464053941674156, 0.0921646892690447
0.07627084140658051, 0.09390106331585533
0.1394673449537818, 0.09772289536713812
0.1348820003551545, -0.03166494603745849
0.13502534732556054, -0.07482663365708112
-0.18706417054688398, -0.006746300182988534
-0.16166655971339686, 0.08571199177250212
-0.07636522957536124, 0.0909683009503774
0.1394673449537818, 0.09772289536713812
0.13502534732556054, -0.07482663365708112
0.053510187931383235, -0.10763609482322914
-0.10932541839728689, -0.06714371853143808
