-0.07977506767549827, -0.040970191629017105
-0.11110559550931182, -0.08878813028260313
-0.16824442438746018, 0.008622331572592262
-0.14557954157843248, 0.09878086774613988
-0.11902590109687, 0.08647441745344635
-0.1046206502765284, 0.06350552408981697
-0.08545732344384314, 0.04337982331277529
-0.16824442438746018, 0.008622331572592262
-0.14557954157843248, 0.09878086774613988
-0.11902590109687, 0.08647441745344635
-0.08545732344384314, 0.04337982331277529
-0.07977506767549827, -0.040970191629017105
-0.11110559550931182, -0.08878813028260313
