-0.4962407889671563, -0.2213425346613717
-0.4634022617078538, -0.1839730495101786
-0.42023394176003476, -0.11419954863218877
-0.40530681797077345, -0.018635653798449902
-0.40630039350503216, 0.07146479402447789
-0.47537020348396714, 0.12585414941931064
-0.3845632787912157, 0.17771848641866442
-0.321772154354661, 0.21079594349504663
-0.22534084421475878, 0.23185558737781783
-0.13887123380599029, 0.20410037467813352
-0.10092584399540416, 0.20368275083134454
-0.07051428031713325, 0.2937860954693204
2.8141160904997334E-4, 0.2645028623197752
0.09675485588823264, 0.24884549332795702
0.14658127452799039, 0.2617212974922682
0.2474254640621659, 0.3004298050738457
0.318599976670396, 0.2849918947454583
0.3962698133254716, 0.24878653708358686
0.5328166924275685, 0.21426659824529456
0.6017094883569352, 0.21783618307872912
0.6537458619727197, 0.23061588798929897
0.7214442479365182, 0.14723755999450724
0.6543324354198254, 0.05351977459745056
0.5663647978868939, -0.004498507115988557
0.5150995662136617, 0.07334922009882307
0.4790751064723525, 0.08558974913086285
0.4438901309128089, 0.08072967353754432
0.4020286552070836, 0.0013850436796521563
0.3779620012367758, -0.04973203165668328
0.29502239867405805, -0.08202600731337803
0.2612379352427891, -0.1662647742426176
0.1972638799772583, -0.20716769444771282
0.15961952934314375, -0.16541192355167406
0.09601263928719772, -0.11889672648035719
0.01865578961909497, -0.11098121560446224
-0.05927970860658403, -0.05872718440949007
-0.10638404364247346, -0.13969982980443502
-0.1173381073630289, -0.17642419970120393
-0.11147012318997992, -0.23155100682540006
-0.13536564755951752, -0.302207472042043
-0.1905517797025975, -0.36992559448419127
-0.28303326276767893, -0.42016914721480325
-0.24101570503496617, -0.3568681017155616
-0.24222868364235928, -0.3149860304565087
-0.27231654076169687, -0.25752454544819714
-0.3182186411832638, -0.22613421751177717
-0.3991950067131295, -0.2758892280889171
-0.4860806832878235, -0.24887810724404685
-0.4962407889671563, -0.2213425346613717
-0.47537020348396714, 0.12585414941931064
-0.3845632787912157, 0.17771848641866442
-0.321772154354661, 0.21079594349504663
-0.197073347030489, 0.25198379884280786
-0.0748990906625948, -0.023507027572594562
-0.27231654076169687, -0.25752454544819714
-0.3991950067131295, -0.2758892280889171
-0.4860806832878235, -0.24887810724404685
-0.28303326276767893, -0.42016914721480325
-0.27231654076169687, -0.25752454544819714
-0.0748990906625948, -0.023507027572594562
-0.05927970860658403, -0.05872718440949007
-0.11147012318997992, -0.23155100682540006
-0.13536564755951752, -0.302207472042043
-0.1905517797025975, -0.36992559448419127
-0.197073347030489, 0.25198379884280786
-0.07051428031713325, 0.2937860954693204
0.2474254640621659, 0.3004298050738457
0.3311546192892536, 0.2860434726853107
0.4438901309128089, 0.08072967353754432
0.3779620012367758, -0.04973203165668328
0.2612379352427891, -0.1662647742426176
0.1972638799772583, -0.20716769444771282
0.01865578961909497, -0.11098121560446224
-0.05927970860658403, -0.05872718440949007
0.3311546192892536, 0.2860434726853107
0.6537458619727197, 0.23061588798929897
0.7214442479365182, 0.14723755999450724
0.6543324354198254, 0.05351977459745056
0.5663647978868939, -0.004498507115988557
0.4438901309128089, 0.08072967353754432
