-0.2164656799088634, 0.14951009863048034
-0.20610219991899417, 0.21631329569193394
-0.18780882117519004, 0.27622544008942285
-0.12314979580939676, 0.27350106998783297
-0.04697628981434754, 0.2787416330587147
0.033403825638653455, 0.2966549142760906
0.09785557104782612, 0.29629419523883843
0.21246558005847624, 0.3096839024317764
0.2190808535583666, 0.20456378600846473
0.22290510789448248, 0.1276996943480182
0.22466750506110408, 0.03270975289775388
0.23987035699453452, -0.016949107949201965
0.2472162450520909, -0.11575627867241753
0.24099938630208556, -0.18427413410623183
0.17319970000540044, -0.2518398935168748
0.08774811523477442, -0.25255020566423103
0.014842611659788665, -0.2569064828022047
-0.047862025912017075, -0.2583335549831656
-0.12815935283390403, -0.25580411119186924
-0.20609554557339585, -0.2331944549337688
-0.2119516560441031, -0.16579497485370107
-0.19534580946216382, -0.09012911765622253
-0.1969569384332668, -0.0642035496332258
-0.21354745572849543, 0.00371277693635355
-0.2164656799088634, 0.14951009863048034
-0.20610219991899417, 0.21631329569193394
-0.18780882117519004, 0.27622544008942285
0.033403825638653455, 0.2966549142760906
0.21246558005847624, 0.3096839024317764
0.23987035699453452, -0.016949107949201965
0.2472162450520909, -0.11575627867241753
0.24099938630208556, -0.18427413410623183
0.17319970000540044, -0.2518398935168748
0.014842611659788665, -0.2569064828022047
-0.047862025912017075, -0.2583335549831656
-0.12815935283390403, -0.25580411119186924
-0.20609554557339585, -0.2331944549337688
-0.2119516560441031, -0.16579497485370107
