0.18480341833401764, -0.07005102386513791
0.10758942651475567, -0.08875334171059203
0.02626793122743072, -0.09650617471418509
-0.03679118670368573, -0.10054763509213155
-0.12903632848830543, -0.10885767287898314
-0.19049075823450762, -0.06729101912557386
-0.24610302429115347, -0.015732263618222043
-0.2680964353488341, 0.05525139792952387
-0.20871627433228165, 0.07659208578722627
-0.14680826286626608, 0.11267295718340946
-0.05288001949160869, 0.13291954213923604
-0.04891689166229786, 0.04597487319274815
0.03131844598110585, 0.01279376003647147
0.12661114584283858, -0.005774357632075891
-0.2680964353488341, 0.05525139792952387
-0.14680826286626608, 0.11267295718340946
-0.05288001949160869, 0.13291954213923604
0.12661114584283858, -0.005774357632075891
0.18480341833401764, -0.07005102386513791
0.10758942651475567, -0.08875334171059203
0.02626793122743072, -0.09650617471418509
-0.12903632848830543, -0.10885767287898314
-0.19049075823450762, -0.06729101912557386
-0.24610302429115347, -0.015732263618222043
