-0.4677831553611796, 0.19192530017142276
-0.37674791116748985, 0.18142300985426804
-0.29076214082582547, 0.18307315361453672
-0.1344650323995235, 0.19769284482506533
-0.09611898575462927, 0.15264436205552973
0.012982477197884378, 0.1518949375055198
0.0967377563814032, 0.1714327730386485
0.19266373688362687, 0.21710520229844676
0.267649171424915, 0.2037005713982335
0.324524891566812, 0.23591170239114337
0.3861997945503511, 0.18350159931005774
0.3778467691261157, 0.08684593190253717
0.36440130203581733, 0.0010403068330530397
0.3534476858693028, -0.07515324733874888
0.3838652859349113, -0.1083807060934065
0.3573324698726721, -0.21127382837330022
0.26746765955783286, -0.20869212652496616
0.21494950981520444, -0.1914052741310017
0.13438246912966043, -0.2117146387084024
0.04062945225564725, -0.18342470256998053
0.01794008910639757, -0.18516270061762513
-0.06218295085508289, -0.2370755659085138
-0.12895512524161679, -0.22539268370374677
-0.19999108147102668, -0.22660389434707565
-0.2406972007938869, -0.17179075764319382
-0.40855871326753523, -0.159022277176137
-0.4487655446251685, -0.11560450207205174
-0.4474784087058166, -0.030176337352103014
-0.41530418085663856, 0.05052405224535638
-0.4990930606620866, 0.06816824952297255
-0.5246459266315279, 0.15509694756398373
-0.5246459266315279, 0.15509694756398373
-0.4677831553611796, 0.19192530017142276
0.324524891566812, 0.23591170239114337
0.3861997945503511, 0.18350159931005774
0.3838652859349113, -0.1083807060934065
0.3573324698726721, -0.21127382837330022
-0.06218295085508289, -0.2370755659085138
-0.19999108147102668, -0.22660389434707565
-0.40855871326753523, -0.159022277176137
-0.4487655446251685, -0.11560450207205174
