-0.6672069012938681, -0.30466982736454673
-0.6449075893924554, -0.21774515999162414
-0.6996296219175444, -0.11016207263372481
-0.6133387216393127, -0.06898493430595519
-0.5688120149328909, 0.015300988816265373
-0.569974131697007, 0.05490630028219166
-0.5968798918239716, 0.13096164173616315
-0.5887197611245163, 0.21688296361500106
-0.5866486785242826, 0.2420221557351811
-0.6191747396777987, 0.2953506992953598
-0.7151735514139498, 0.290862327110349
-0.7082468329409424, 0.35892079830263524
-0.6419651034728902, 0.4326901081226302
-0.601448103893988, 0.526166902668349
-0.554151019339359, 0.5051463080055305
-0.4553919351672014, 0.4518528497888455
-0.37805288960559896, 0.4985096609407527
-0.31622955554474386, 0.5084243962974841
-0.2132955914973378, 0.484680687173604
-0.14640073599628559, 0.5071083904639565
-0.05263351523298796, 0.5121052982828631
0.02314060261846657, 0.5608779576053056
0.06971843591422276, 0.5205488280915532
0.09744933065054626, 0.5151119933980706
0.13220348440622642, 0.522089149495162
0.22573525655790522, 0.505685271909448
0.2664724130782716, 0.45869436314671375
0.32210417188669227, 0.4694506341167217
0.3176651856070275, 0.392207900543087
0.3126303334657016, 0.34038551718465804
0.3124488595621946, 0.2224912460849062
0.3252404277804165, 0.13267809517257848
0.3714597873305463, 0.12051807289760581
0.43675411551663096, 0.13907766619127054
0.5733453240885015, 0.15441903344810293
0.632175545404946, 0.14713480157826778
0.7149657826678173, 0.1611628795716865
0.7925797497007818, 0.09610540506046016
0.8125279457711931, 0.020803155277644814
0.7584571165369559, -0.038615353894360535
0.8046725601866134, -0.11642291317293306
0.801813483253016, -0.24413616682628872
0.7156218350230259, -0.2647318101980848
0.6504593811049586, -0.3203590947079951
0.6737165834818656, -0.4303878407075605
0.5834653721681702, -0.48508845087724606
0.5142996600761355, -0.5317373381762588
0.4670060560434515, -0.4853886138927909
0.4350472914744175, -0.38741987659886723
0.3726555142827935, -0.3687960330291974
0.32002461800428295, -0.3622147007248954
0.2060077868309008, -0.3685925223115971
0.1510647812202573, -0.371771523788691
0.09931318093500872, -0.37653098562521503
0.025881665386961766, -0.409439814899879
-0.008677331465526093, -0.46951237187214606
-0.045208330556675266, -0.39053793993045766
-0.05968247603226986, -0.29496141966617834
-0.10768560699085185, -0.22263124347883903
-0.16907282682736385, -0.20951717259895317
-0.23417157324169496, -0.2654663546477014
-0.1887234676463177, -0.309090490969867
-0.25633899066977633, -0.40363206773448934
-0.3310143549098321, -0.37605655830557494
-0.38940687636233773, -0.386289305403377
-0.43752539581921607, -0.46572406854947657
-0.5639899905627702, -0.4757372323467763
-0.6646265951853982, -0.49265058642437604
-0.617594443994582, -0.42205777006291756
-0.6243305864606636, -0.3590741636792386
0.2903798742222871, 0.08825410160922816
0.3252404277804165, 0.13267809517257848
0.5733453240885015, 0.15441903344810293
0.7149657826678173, 0.1611628795716865
0.779336284109764, 0.10720632488281648
-0.7151735514139498, 0.290862327110349
-0.7082468329409424, 0.35892079830263524
-0.601448103893988, 0.526166902668349
0.02314060261846657, 0.5608779576053056
0.22573525655790522, 0.505685271909448
0.32210417188669227, 0.4694506341167217
0.3252404277804165, 0.13267809517257848
0.2903798742222871, 0.08825410160922816
-0.569974131697007, 0.05490630028219166
-0.6996296219175444, -0.11016207263372481
-0.569974131697007, 0.05490630028219166
-0.17893485583207835, 0.07006320080557354
-0.16907282682736385, -0.20951717259895317
-0.1887234676463177, -0.309090490969867
-0.25633899066977633, -0.40363206773448934
-0.43752539581921607, -0.46572406854947657
-0.6646265951853982, -0.49265058642437604
-0.17893485583207835, 0.07006320080557354
0.37400807659711766, 0.0914955773958762
0.32002461800428295, -0.3622147007248954
-0.008677331465526093, -0.46951237187214606
-0.16907282682736385, -0.20951717259895317
0.32002461800428295, -0.3622147007248954
0.37400807659711766, 0.0914955773958762
0.779336284109764, 0.10720632488281648
0.7925797497007818, 0.09610540506046016
0.8125279457711931, 0.020803155277644814
0.801813483253016, -0.24413616682628872
0.6737165834818656, -0.4303878407075605
0.5142996600761355, -0.5317373381762588
