0.12702758659028074, 0.7010531015405836
0.13740002474903068, 0.721702487537514
0.13827608722601234, 0.7826862871708976
0.09178401098682744, 0.8381280553242578
0.1393409374836702, 0.8793779265930625
0.20729244050881648, 0.8313470256147699
0.24310079403033186, 0.7458908537389218
0.2053744111105735, 0.6781224027256019
0.09178401098682744, 0.8381280553242578
0.1393409374836702, 0.8793779265930625
0.20729244050881648, 0.8313470256147699
0.24310079403033186, 0.7458908537389218
0.2053744111105735, 0.6781224027256019
0.12702758659028074, 0.7010531015405836
