-0.413850029811881, 0.22449944613613526
-0.3208148598116915, 0.24541201891910572
-0.23727525980902242, 0.2128814675736462
-0.12637682611124076, 0.22012715794500984
-0.03648922668775419, 0.20227559877693152
0.030481762786644863, 0.231035709285213
0.08415767546622491, 0.25687277913748413
0.16046025512830436, 0.23787946275657268
0.2429530998459588, 0.12455081296923137
0.24052930935550076, 0.007655952690284616
0.2544927570488028, -0.08228850203903845
0.24429475904056694, -0.20227108114928158
0.2163721396530752, -0.3164521204472671
0.1445086711579004, -0.360885250094668
0.13201057959723864, -0.27209150660153586
-0.0019361876392341279, -0.1974978926369934
-0.04902036931946603, -0.12681306647216908
-0.19118456434842654, -0.10751067053314567
-0.257722960943835, -0.04576840278975892
-0.32463583093444753, 0.04072509773002642
-0.43872796590595575, 0.0986408213622647
-0.47910018277328437, 0.1977019118506974
-0.47910018277328437, 0.1977019118506974
-0.413850029811881, 0.22449944613613526
-0.3208148598116915, 0.24541201891910572
0.08415767546622491, 0.25687277913748413
0.16046025512830436, 0.23787946275657268
0.2429530998459588, 0.12455081296923137
0.2544927570488028, -0.08228850203903845
0.24429475904056694, -0.20227108114928158
0.2163721396530752, -0.3164521204472671
0.1445086711579004, -0.360885250094668
-0.19118456434842654, -0.10751067053314567
-0.43872796590595575, 0.0986408213622647
