0.28192984327679355, 0.11173912862900268
0.30247129589967275, 0.050447657870087585
0.3136963251096046, -0.0034147847913379636
0.32765836772424595, -0.06038964163782446
0.2747489176321501, -0.09254787708267435
0.21291375977458532, -0.08878283253058537
0.10923807315269483, -0.09447748778111985
0.04432490810995546, -0.16653439269440884
-0.002531291617620181, -0.20528999445173715
-0.020306853840597473, -0.2949306690092763
-0.16379349870697565, -0.25791929684622905
-0.1341962240146846, -0.1592799131454165
-0.17424072720033373, -0.08689046774068823
-0.18693237528682932, -0.037122249691652086
-0.18352251785260784, 0.034965220539824586
-0.19600137669886247, 0.06033393392626341
-0.1275202467339929, 0.1967342185872102
-0.09182170916065362, 0.2642643115387854
-0.039636644817378816, 0.36127660469931605
0.0019753612120492338, 0.32675824019955374
0.012891342852587724, 0.2167539345183902
0.025084375930878065, 0.15118579200168597
0.04574303019919706, 0.09041207117765744
0.06859763886738414, 0.06768191981551949
0.16137146850461206, 0.08445382988832384
-0.16620607274777768, -0.23489790155884205
0.06859763886738414, 0.06768191981551949
0.28192984327679355, 0.11173912862900268
0.30247129589967275, 0.050447657870087585
0.32765836772424595, -0.06038964163782446
-0.020306853840597473, -0.2949306690092763
-0.16379349870697565, -0.25791929684622905
-0.19600137669886247, 0.06033393392626341
-0.1275202467339929, 0.1967342185872102
-0.09182170916065362, 0.2642643115387854
-0.039636644817378816, 0.36127660469931605
0.0019753612120492338, 0.32675824019955374
0.06859763886738414, 0.06768191981551949
-0.16620607274777768, -0.23489790155884205
-0.18693237528682932, -0.037122249691652086
