-0.7949998880481542, 0.14532071933655719
-0.7960620441372958, 0.21634755444843395
-0.8081286838261508, 0.30588668108718026
-0.870846517648376, 0.31655460840644395
-0.8888113426830855, 0.3979219463551815
-0.7957603225390767, 0.4168971376911179
-0.7224009813541088, 0.4709932990026306
-0.6461276548106932, 0.44919306076660326
-0.6143084448934617, 0.4146028817423486
-0.5303652718465556, 0.4118144743718912
-0.4864347904763145, 0.4212558581350196
-0.4397993536385275, 0.4821644948708693
-0.3577078710879664, 0.5104955301030619
-0.31901450432870815, 0.48484638413465736
-0.243251453323169, 0.5391831103577202
-0.1770424113735411, 0.5157948309811097
-0.08255427730263605, 0.47586262837379695
-0.025808502662135448, 0.48817471142539326
0.058836750670011234, 0.5443595247939801
0.12380170190874776, 0.4882184139943079
0.15868794243624665, 0.44409732469454816
0.23941540639216177, 0.4143053469108768
0.31552232905204086, 0.3663125733126104
0.282813336362026, 0.31319163891321017
0.21545236177234076, 0.2751210311690699
0.1532455905734202, 0.24951764674745627
0.19066499437317372, 0.15800706774119397
0.26029476731279616, 0.16627208221144182
0.3465446441544695, 0.10413861680217985
0.39809105688240637, 0.035773330171822056
0.48690279747621856, 0.01864133196737179
0.5632177002894216, 0.07795701861237345
0.6439046310884322, 0.08135356233253635
0.6865339417846676, 0.027246924251175985
0.7412641831251613, 0.02104179732893814
0.7547201600381385, -0.062187745347623995
0.7009630484249147, -0.11219623609079661
0.6504003175245406, -0.1446851518509938
0.6216775131144587, -0.17689000911699118
0.5956499606851047, -0.2642675585465978
0.6681754781321697, -0.340563335721087
0.72049592970865, -0.39777200185262207
0.7126724675448244, -0.447660680095911
0.6667888904282918, -0.5212037533916218
0.6062018241429312, -0.5456732684762011
0.5502895172119371, -0.5879925949458401
0.4687427823919416, -0.5249493563131555
0.4174367779613713, -0.5559240912338211
0.32258428695796926, -0.5811343738146626
0.24429463689393535, -0.5950300661722778
0.18851960661406, -0.5361836883084504
0.13753694335559002, -0.5406540095874606
0.10884152543300264, -0.4688168029753696
0.05418074990538658, -0.4540764049229259
0.029825211521011905, -0.4044634573176872
-0.06446219274512414, -0.3849605847578506
-0.1658119446657595, -0.3841095702228554
-0.28970051121451984, -0.40800471315163056
-0.36293599746762506, -0.35871826198981716
-0.433488979147713, -0.33603837123375124
-0.41796057513102547, -0.1964692629925097
-0.3992718201526145, -0.12253128258277171
-0.48251931501347073, -0.03531996632693567
-0.5537829657621247, 0.03609588441578939
-0.6390431451016643, 0.06684258646206764
-0.6604158468290985, 0.13867111287863415
-0.750583769619968, 0.11408790894737326
-0.2644062314647936, -0.40312605124813483
-0.09469694961915327, -0.19386320790283693
0.10171619140016931, -0.21389420890387312
0.029825211521011905, -0.4044634573176872
0.029825211521011905, -0.4044634573176872
0.10171619140016931, -0.21389420890387312
0.5956499606851047, -0.2642675585465978
0.6681754781321697, -0.340563335721087
0.72049592970865, -0.39777200185262207
0.7126724675448244, -0.447660680095911
0.6667888904282918, -0.5212037533916218
0.5502895172119371, -0.5879925949458401
0.24429463689393535, -0.5950300661722778
0.13753694335559002, -0.5406540095874606
0.05418074990538658, -0.4540764049229259
-0.09469694961915327, -0.19386320790283693
0.19066499437317372, 0.15800706774119397
0.26029476731279616, 0.16627208221144182
0.6439046310884322, 0.08135356233253635
0.7412641831251613, 0.02104179732893814
0.7547201600381385, -0.062187745347623995
0.5956499606851047, -0.2642675585465978
-0.8888113426830855, 0.3979219463551815
-0.7224009813541088, 0.4709932990026306
-0.243251453323169, 0.5391831103577202
0.058836750670011234, 0.5443595247939801
0.28230914511444166, 0.38935051017822725
-0.3992718201526145, -0.12253128258277171
-0.750583769619968, 0.11408790894737326
-0.7949998880481542, 0.14532071933655719
-0.870846517648376, 0.31655460840644395
-0.433488979147713, -0.33603837123375124
-0.41796057513102547, -0.1964692629925097
-0.3992718201526145, -0.12253128258277171
0.28230914511444166, 0.38935051017822725
0.31552232905204086, 0.3663125733126104
0.19066499437317372, 0.15800706774119397
-0.2644062314647936, -0.40312605124813483
-0.28970051121451984, -0.40800471315163056
