0.9074575744885688, 0.850937544952587
0.920507963783458, 0.8144542217516569
0.9728980943206134, 0.7093623088590448
0.8760824506321506, 0.6935627637931565
0.8443988070029831, 0.7391922169252646
0.770146853947292, 0.7202285435229706
0.737931425335769, 0.786188306223971
0.7973648122188511, 0.8553998901319523
0.8265233072542509, 0.8959164667800483
0.737931425335769, 0.786188306223971
0.8265233072542509, 0.8959164667800483
0.9074575744885688, 0.850937544952587
0.9728980943206134, 0.7093623088590448
0.8760824506321506, 0.6935627637931565
0.770146853947292, 0.7202285435229706
