-0.14990515942007257, 0.14981998332568078
-0.09537750467661765, 0.14540277890032913
-0.027785865016696387, 0.12614666797076113
0.060826217388693773, 0.10717227815516607
0.11882471818413383, 0.09284695102528852
0.15558189622095966, 0.04935653523123608
0.12411379938115685, -0.06221514361209822
0.08920641671037043, -0.11240153815532083
0.06580008164698516, -0.17865565285395946
0.008444984636454262, -0.15854235947505566
-0.06132941464839994, -0.14780848706958305
-0.08096625299085344, -0.07852703811121049
-0.145656661096904, -0.030834409390855397
-0.1390963032991474, 0.03097023765985636
-0.18145682330581356, 0.08565347584148553
-0.18145682330581356, 0.08565347584148553
-0.14990515942007257, 0.14981998332568078
-0.09537750467661765, 0.14540277890032913
0.060826217388693773, 0.10717227815516607
0.11882471818413383, 0.09284695102528852
0.15558189622095966, 0.04935653523123608
0.12411379938115685, -0.06221514361209822
0.06580008164698516, -0.17865565285395946
-0.06132941464839994, -0.14780848706958305
-0.145656661096904, -0.030834409390855397
