-0.14969076181545493, 0.12233450765638897
-0.020386529941137283, 0.12317166583567281
0.11354818053640148, 0.06586874063610752
0.052404552656803265, 0.03898218708899497
0.05214641284987453, -0.015459390336165564
0.11707846806725178, -0.04004540640004296
0.11248581225872806, -0.12090139625985215
0.10588079848636238, -0.21469057872466307
0.04189458084199805, -0.178427592832861
-0.014193583367218881, -0.13929363085193505
-0.048242812556656536, -0.07416598626219255
-0.07009776742110088, -0.028790117484060147
-0.14778399344080156, 0.019123222261618503
-0.20858245518058444, 0.07099043942273857
-0.20858245518058444, 0.07099043942273857
-0.14969076181545493, 0.12233450765638897
-0.020386529941137283, 0.12317166583567281
0.11354818053640148, 0.06586874063610752
0.11707846806725178, -0.04004540640004296
0.11248581225872806, -0.12090139625985215
0.10588079848636238, -0.21469057872466307
0.04189458084199805, -0.178427592832861
-0.014193583367218881, -0.13929363085193505
