0.46579905285182055, -0.2995025086419077
0.4007308471794568, -0.28351656635744577
0.32972577682334037, -0.2884268182778433
0.2645800224185977, -0.21988477608105853
0.34047636727760044, -0.1651489723566327
0.29540920365576734, -0.1219808510132128
0.35191610395264117, -0.004624861743457394
0.3422901540082572, 0.03647931462510907
0.33377574715516506, 0.10040728630740886
0.354830135500669, 0.15061358695875338
0.3153281571921041, 0.2226825090596606
0.28343591906965915, 0.27157143125481115
0.29127609982541525, 0.3553332180165741
0.32648896323619525, 0.4186987686655554
0.3387879499286799, 0.5412313645037378
0.3644120511394577, 0.6334598409989098
0.3211967766855193, 0.7106379709087324
0.35192787910855283, 0.8098094274529755
0.3745806689729705, 0.8755481439556907
0.3369876493002919, 0.9290463942302102
0.4441081198996656, 0.9422659426971938
0.5538347952000808, 0.9064287374430089
0.5803470983631097, 0.8253992474203262
0.581541006639545, 0.7517967978397756
0.6119086293464052, 0.7022040254746293
0.5763110160718219, 0.6483653777161165
0.5177351278920426, 0.596560880944951
0.5665317677190301, 0.5412887687918807
0.5658042144331807, 0.45370973054202646
0.5736924425097181, 0.3886971251144303
0.5673884617295174, 0.2683192345688353
0.5663737690684305, 0.2148789535859906
0.6199692344933232, 0.1431201883457868
0.6136957349762796, 0.06239078584378813
0.6203309608824386, -0.03669511098796556
0.6247755177599335, -0.09250563116531715
0.6439011969263815, -0.14990642063891269
0.5482172326830547, -0.17581693723388134
0.5258931950183557, -0.23620728973587793
0.2645800224185977, -0.21988477608105853
0.28343591906965915, 0.27157143125481115
0.3369876493002919, 0.9290463942302102
0.4441081198996656, 0.9422659426971938
0.5538347952000808, 0.9064287374430089
0.5803470983631097, 0.8253992474203262
0.6119086293464052, 0.7022040254746293
0.6439011969263815, -0.14990642063891269
0.46579905285182055, -0.2995025086419077
0.32972577682334037, -0.2884268182778433
