0.34831550774181935, 0.25178231879768176
0.39176397714932754, 0.2595402770779065
0.462066762754194, 0.313664257434371
0.5125040975829981, 0.28167605239349125
0.5272520680267371, 0.19826690310511666
0.46238915655150287, 0.1740216455930584
0.40838795325112864, 0.14477379835630697
0.3475207827926155, 0.09061888510660532
0.31924639425246265, 0.018404031951322848
0.32991216580928184, -0.04300284936506276
0.3318804699198348, -0.14232345631053211
0.3375949300634033, -0.23504245058155127
0.34974840989538886, -0.32288893150588865
0.26703418778492244, -0.38115675795680914
0.1751232362523703, -0.3924744784286568
0.10211548754793229, -0.38862091647854446
0.028499322349224435, -0.40572759213233084
-0.03457002154013623, -0.4124374970509247
-0.11160075152220848, -0.37141835995392114
-0.17323260465263063, -0.3792415129596728
-0.2509117500910742, -0.42060668907783094
-0.3217611373370543, -0.35863053759468777
-0.37404217411554197, -0.3004409848870462
-0.2912877823592479, -0.2598556588345522
-0.2926781940441388, -0.21690863918528072
-0.3448569130236838, -0.10423822447835447
-0.3479657887805883, 0.03213070628229636
-0.3672835682376054, 0.09685398959269878
-0.3944460866701765, 0.1583049094535223
-0.44760565739867364, 0.2399850285822016
-0.3903361759493048, 0.32709160072054605
-0.33577800611978287, 0.31666062651935306
-0.2674557429607196, 0.2948958962947168
-0.17086540449049403, 0.2959971782386434
-0.11940060463371628, 0.33216824335562223
-0.03397225281451259, 0.30105957631617103
0.049425701705552695, 0.30131399384223373
0.10888594410771878, 0.2792343685079273
0.15202020544574193, 0.2736299056713284
0.1815500129640085, 0.276653252205165
0.2770348663438351, 0.3059097947803395
-0.44760565739867364, 0.2399850285822016
-0.4263303896793811, 0.2723445959373129
0.31924639425246265, 0.018404031951322848
0.32991216580928184, -0.04300284936506276
0.34974840989538886, -0.32288893150588865
0.26703418778492244, -0.38115675795680914
0.1751232362523703, -0.3924744784286568
-0.03457002154013623, -0.4124374970509247
-0.2509117500910742, -0.42060668907783094
-0.3217611373370543, -0.35863053759468777
-0.37404217411554197, -0.3004409848870462
-0.4263303896793811, 0.2723445959373129
-0.3903361759493048, 0.32709160072054605
-0.11940060463371628, 0.33216824335562223
0.462066762754194, 0.313664257434371
0.5125040975829981, 0.28167605239349125
0.5272520680267371, 0.19826690310511666
0.31924639425246265, 0.018404031951322848
