-0.14189462322737878, 0.04466271030970063
-0.06501391239036086, 0.06946505967302892
0.03266587337096601, 0.06780893026310741
0.08472426307837475, 0.0661539507534779
0.16082467229738573, 0.08554885820565741
0.20403279571285854, -0.00257881162683672
0.15756901279052674, -0.08603846004807626
0.060433218838179995, -0.09683965215617321
-0.007987971287829968, -0.10575232267090053
-0.08878368019608263, -0.04311149466219234
-0.14189462322737878, 0.04466271030970063
-0.06501391239036086, 0.06946505967302892
0.16082467229738573, 0.08554885820565741
0.20403279571285854, -0.00257881162683672
0.15756901279052674, -0.08603846004807626
-0.007987971287829968, -0.10575232267090053
-0.08878368019608263, -0.04311149466219234
