-0.13000502258935412, 0.07705515112778095
-0.06626039334161964, 0.1615500064052256
0.005300000214600451, 0.20134044910874013
0.08490029060737948, 0.18502775834855015
0.14566445168739608, 0.13885741939973284
0.14784169434444264, 0.06631843716991263
0.1254642597299976, 0.009643419483746663
0.17716831253911144, -0.05379835604936043
0.15961077323405576, -0.1189704497735368
0.0915658147233986, -0.21107733670738615
0.05897470745102157, -0.15298079690897584
-0.07650375738913416, -0.15501884179776823
-0.16202318967877968, -0.17295305633964486
-0.1754488008196569, -0.03131101919923335
-0.1843718820087199, 0.03125955657441238
-0.1843718820087199, 0.03125955657441238
-0.06626039334161964, 0.1615500064052256
0.005300000214600451, 0.20134044910874013
0.08490029060737948, 0.18502775834855015
0.14566445168739608, 0.13885741939973284
0.17716831253911144, -0.05379835604936043
0.15961077323405576, -0.1189704497735368
0.0915658147233986, -0.21107733670738615
-0.16202318967877968, -0.17295305633964486
