0.44465152326559565, -0.15080186228074877
0.39015100655399443, -0.18973464431006729
0.399091543075124, -0.2478003693649953
0.4401065229754791, -0.27118488946453295
0.4888363007482942, -0.3240667427422409
0.44174202222269915, -0.4059503767880451
0.3576284753686792, -0.43524141337595634
0.26245564873244925, -0.44744200089421277
0.2722731199582229, -0.5332980329202444
0.13856099233480615, -0.5629015544455686
0.07941825786442981, -0.4917588426540448
0.052683056412172836, -0.493343583750878
-1.4149469054629567E-4, -0.5084390401758916
-0.04246372927235379, -0.4510884629778413
-0.08382385304638572, -0.3397322485600178
-0.03993310679652708, -0.2787271609700512
-0.1151261445098415, -0.2360801321314022
-0.17395987059025717, -0.25554807519156236
-0.2507764500810543, -0.15683517802459773
-0.3101765072758277, -0.043811683342246645
-0.34939650199509964, 0.010734125621934532
-0.41637869109084213, 0.05321614639345605
-0.4480887676254613, 0.1375675453211365
-0.46566072397035535, 0.19073582195802583
-0.4147953229114371, 0.33012947558167643
-0.36323256053936576, 0.3531596209572837
-0.32494778175742267, 0.39259337397175964
-0.24428249814828726, 0.34872511171600173
-0.1957946024152902, 0.37106566820428943
-0.11682743128289304, 0.4086125804768144
-0.0597421975140677, 0.39181886419056344
-0.01071344340675097, 0.4090550286386838
0.06578212948804779, 0.3956035472008541
0.0662680163285871, 0.30055551565140604
0.09845670152622729, 0.23629003078439179
0.04294593290545856, 0.19154418465126058
0.08555098830553103, 0.11128538898739503
0.17283747677009278, 0.08297715268229373
0.2102328651396465, 0.09714795963346795
0.28975932497065365, 0.13773132828625384
0.27386141748397014, 0.19939523824826505
0.35562159319951775, 0.2472430926555586
0.4100127880871539, 0.19680185500710703
0.47938512676088646, 0.09532973691940949
0.4374021597180488, 0.03972478167132603
0.3987529158174619, 0.0020549261671325265
0.3839362160348863, -0.04385237919596063
0.46424354531924655, -0.08416196576528107
-0.10805471893874222, -0.26694595663056975
0.08555098830553103, 0.11128538898739503
0.35562159319951775, 0.2472430926555586
0.4100127880871539, 0.19680185500710703
0.47448234185567867, 0.10250112508897402
-0.03993310679652708, -0.2787271609700512
-0.46566072397035535, 0.19073582195802583
-0.4147953229114371, 0.33012947558167643
-0.32494778175742267, 0.39259337397175964
-0.11682743128289304, 0.4086125804768144
-0.01071344340675097, 0.4090550286386838
0.06578212948804779, 0.3956035472008541
0.09845670152622729, 0.23629003078439179
0.08555098830553103, 0.11128538898739503
-0.10805471893874222, -0.26694595663056975
-0.17395987059025717, -0.25554807519156236
-0.41637869109084213, 0.05321614639345605
-0.4480887676254613, 0.1375675453211365
-0.08382385304638572, -0.3397322485600178
-0.03993310679652708, -0.2787271609700512
0.47448234185567867, 0.10250112508897402
0.47938512676088646, 0.09532973691940949
0.4888363007482942, -0.3240667427422409
0.44174202222269915, -0.4059503767880451
0.2722731199582229, -0.5332980329202444
0.13856099233480615, -0.5629015544455686
-1.4149469054629567E-4, -0.5084390401758916
-0.04246372927235379, -0.4510884629778413
