0.9306711931270957, 0.6063713452967391
0.9857578900285352, 0.5429643890794937
0.976294907711454, 0.4796578863151311
1.0133005777062485, 0.3940819931310987
1.0379172055452752, 0.37075541494513514
1.1197824460374255, 0.3193108668571695
1.1608320199456665, 0.2542684660244363
1.0791607464784818, 0.24785755243155158
1.0220762628557294, 0.17581014748470192
1.0321326083968265, 0.13667814775586878
1.0714854176178148, 0.07954483103159107
1.0501865820260627, -0.007496589768243967
1.0765959136611465, -0.09333751843173112
1.0382276806752375, -0.12862621504778834
0.91101933638966, -0.23636819170280815
0.8778928392945001, -0.2921842955821119
0.8745514837399978, -0.37943343075778907
0.9425831270959759, -0.42838822161894935
0.8804719996749969, -0.4221963314288125
0.7994023040603445, -0.4504368340113171
0.7425341313976537, -0.39755705015292
0.6518083042722104, -0.43674138313499866
0.5869474763830909, -0.36963105416053366
0.5421907658860295, -0.32518414383632915
0.5366521109082387, -0.2272506822541707
0.5605637455371675, -0.2110940148412913
0.6070376033037799, -0.1513612548394275
0.6279718364991913, -0.10140043284214811
0.658475558673964, -0.020415332509914286
0.6031931621399372, 0.0319915000473121
0.6400238854825064, 0.08158019071518655
0.6758909911109331, 0.07872935536967558
0.7838384066922823, 0.055124563877634446
0.8272430115479598, 0.048357136557904926
0.8672171273915239, 0.13414487630094243
0.8568376180315491, 0.2357316024273189
0.7722799129173538, 0.25427990628847674
0.7483062219743482, 0.35385106063162164
0.7962802559946779, 0.43513435010933205
0.7924834690511317, 0.5059175114744195
0.7577245268651698, 0.5512065328953829
0.8198126889261971, 0.6144895741425322
0.8284406381314173, 0.6262969403865521
0.8760824506321506, 0.6935627637931565
0.5366521109082387, -0.2272506822541707
0.5877606357870955, -0.17613790411223798
0.8778928392945001, -0.2921842955821119
0.9425831270959759, -0.42838822161894935
0.7994023040603445, -0.4504368340113171
0.6518083042722104, -0.43674138313499866
0.5421907658860295, -0.32518414383632915
0.8272430115479598, 0.048357136557904926
0.8589202806912527, 0.21534808776517245
1.0220762628557294, 0.17581014748470192
1.0714854176178148, 0.07954483103159107
1.0765959136611465, -0.09333751843173112
1.0382276806752375, -0.12862621504778834
0.9704688296896595, -0.18601610233906424
0.5877606357870955, -0.17613790411223798
0.6031931621399372, 0.0319915000473121
0.6400238854825064, 0.08158019071518655
0.6758909911109331, 0.07872935536967558
0.8272430115479598, 0.048357136557904926
0.9704688296896595, -0.18601610233906424
0.8778928392945001, -0.2921842955821119
0.7483062219743482, 0.35385106063162164
0.7577245268651698, 0.5512065328953829
0.8760824506321506, 0.6935627637931565
0.9857578900285352, 0.5429643890794937
1.1608320199456665, 0.2542684660244363
1.0220762628557294, 0.17581014748470192
0.8589202806912527, 0.21534808776517245
0.7722799129173538, 0.25427990628847674
