-0.03931035960266374, -0.03531772784081717
-0.0908502954742661, -0.05957502825231946
-0.16392638273993565, -0.053099646925548354
-0.2036413591105317, -0.00923480810003269
-0.16515865612275965, 0.050913403559590655
-0.05413104155338734, 0.02875834259703077
-0.2036413591105317, -0.00923480810003269
-0.16515865612275965, 0.050913403559590655
-0.05413104155338734, 0.02875834259703077
-0.03931035960266374, -0.03531772784081717
-0.0908502954742661, -0.05957502825231946
-0.16392638273993565, -0.053099646925548354
