-0.750583769619968, 0.11408790894737326
-0.7761492225302197, 0.08063643886992727
-0.795940702421645, 0.05171623760200188
-0.7829613844522478, -0.036594126486840725
-0.845698715863852, -0.11184951118332043
-0.8521834059515134, -0.015623627792506966
-0.8252433241594792, 0.07546895154121601
-0.7949998880481542, 0.14532071933655719
-0.8521834059515134, -0.015623627792506966
-0.8252433241594792, 0.07546895154121601
-0.7949998880481542, 0.14532071933655719
-0.750583769619968, 0.11408790894737326
-0.7829613844522478, -0.036594126486840725
-0.845698715863852, -0.11184951118332043
