-0.21171424700240074, -0.06490274144084793
-0.18515843483466385, -0.021600452733927158
-0.19291314848860514, 0.07214787675314557
-0.20154944083474507, 0.1970771479644398
-0.14350056173320802, 0.1777482399863733
-0.06429547366249237, 0.20083510149989112
0.02985626911315912, 0.1992401033353274
0.12017577268426699, 0.09498183470499592
0.20568594202979346, 0.08931735321423938
0.2905128150892116, 0.04473169555305351
0.3141835164314603, -0.0034468997942645064
0.3132554489254242, -0.08145842485429089
0.24231158683962323, -0.1359220111967204
0.1553749331308753, -0.12760511683509518
0.09114956402333248, -0.13390834467967905
2.52886799391529E-4, -0.1622186461875302
-0.08266109834802562, -0.16461028406737396
-0.14757034800535906, -0.1697028329701016
-0.20019693289157076, -0.14331324050814784
-0.21171424700240074, -0.06490274144084793
-0.20154944083474507, 0.1970771479644398
-0.06429547366249237, 0.20083510149989112
0.02985626911315912, 0.1992401033353274
0.2905128150892116, 0.04473169555305351
0.3141835164314603, -0.0034468997942645064
0.3132554489254242, -0.08145842485429089
0.24231158683962323, -0.1359220111967204
2.52886799391529E-4, -0.1622186461875302
-0.14757034800535906, -0.1697028329701016
-0.20019693289157076, -0.14331324050814784
