-0.17215352443038545, -0.013178794960522258
-0.16574852933130108, 0.05260487048327493
-0.11289128021917057, 0.09577438786336634
-0.062051452285557154, 0.09565849375055414
0.01321374881748288, 0.08308226657793262
0.08790071058134297, 0.17011328263200617
0.14062906244575243, 0.23353376509816928
0.18802245318399405, 0.1682120514053685
0.21193041246172956, 0.1051641169207062
0.16458965281635987, 0.04963143422997507
0.10260740424133616, -0.1209305217872199
0.0904228603092426, -0.17358136048054254
0.0035468917139484216, -0.1341559707307723
-0.0445363310770345, -0.09758458909077265
-0.11649295261060964, -0.11779337547042315
-0.20246835927073, -0.09431303519701634
-0.2277121462031612, -0.03131365803541981
-0.2277121462031612, -0.03131365803541981
-0.16574852933130108, 0.05260487048327493
-0.11289128021917057, 0.09577438786336634
0.14062906244575243, 0.23353376509816928
0.18802245318399405, 0.1682120514053685
0.21193041246172956, 0.1051641169207062
0.0904228603092426, -0.17358136048054254
-0.11649295261060964, -0.11779337547042315
-0.20246835927073, -0.09431303519701634
