-0.5001368229807253, 0.08425625939947473
-0.510803905837251, 0.12166336183333129
-0.5466542133747095, 0.20464772760368005
-0.5591296546993575, 0.27799494379387424
-0.5322752225528803, 0.3053149132052386
-0.46154839654029844, 0.24512466394942656
-0.44853249535745865, 0.19643128336450869
-0.4439622296673842, 0.10855508596552005
-0.4704157397706909, 0.005422391536026524
-0.5591296546993575, 0.27799494379387424
-0.5322752225528803, 0.3053149132052386
-0.46154839654029844, 0.24512466394942656
-0.44853249535745865, 0.19643128336450869
-0.4439622296673842, 0.10855508596552005
-0.4704157397706909, 0.005422391536026524
-0.5466542133747095, 0.20464772760368005
