-0.5336839154240524, -0.2337010651215258
-0.4914768622163164, -0.2285800497390519
-0.4656765806179907, -0.21856662642776895
-0.3808907852795273, -0.23273311755362322
-0.33548226105271867, -0.22111647656810607
-0.2525362584304084, -0.2150768207439011
-0.1814111743309833, -0.22874560125884819
-0.14994764812460176, -0.22833416466710887
-0.05444695587078695, -0.2151197156014108
0.07898182878211843, -0.22594312811010517
0.10267668371140964, -0.321004454110538
0.0458626795855905, -0.3458860469377253
-0.022559169607014422, -0.3482229419655316
-0.07461499664064856, -0.347580581186633
-0.1638613910860238, -0.35528854624015654
-0.2930315272955306, -0.35642205642567115
-0.37621697312432884, -0.35356241053386234
-0.5348184445240171, -0.31692232519828745
-0.5348184445240171, -0.31692232519828745
-0.5336839154240524, -0.2337010651215258
-0.4656765806179907, -0.21856662642776895
-0.2525362584304084, -0.2150768207439011
-0.05444695587078695, -0.2151197156014108
0.07898182878211843, -0.22594312811010517
0.10267668371140964, -0.321004454110538
0.0458626795855905, -0.3458860469377253
-0.1638613910860238, -0.35528854624015654
-0.2930315272955306, -0.35642205642567115
-0.37621697312432884, -0.35356241053386234
