0.09418565508390149, -0.2575286949771029
-0.0026163272912651113, -0.26275204757601156
-0.09744627216854253, -0.28114660057086716
-0.20770690853930612, -0.22169127428365784
-0.26906218201975923, -0.182145360822021
-0.23896595138553856, -0.11918606347626076
-0.17236843408561925, -0.05017328987273529
-0.24762671597864352, 0.024741925092903135
-0.3103413910297718, 0.09163215533035063
-0.2647440526281713, 0.14612277221327669
-0.18179859690269867, 0.20029775309460338
-0.10815533398285807, 0.2172289109474829
-0.024591890512614557, 0.21603940559456555
0.015833713120769494, 0.21867849967066744
0.09771745649041219, 0.20325486111648783
0.15598656988824028, 0.20549113787247922
0.1963073115294113, 0.15936979608658258
0.18033842069747127, 0.06714279752436715
0.11485369824534264, 0.030637292735443553
0.0887538621650765, -0.061233648288995204
0.042771993567998365, -0.12419639584255586
0.05476694443105799, -0.16048932158619117
-0.3103413910297718, 0.09163215533035063
-0.2647440526281713, 0.14612277221327669
-0.18179859690269867, 0.20029775309460338
-0.10815533398285807, 0.2172289109474829
0.015833713120769494, 0.21867849967066744
0.15598656988824028, 0.20549113787247922
0.1963073115294113, 0.15936979608658258
0.18033842069747127, 0.06714279752436715
0.10372221734330014, -0.008545314477918842
-0.17236843408561925, -0.05017328987273529
-0.24762671597864352, 0.024741925092903135
-0.26906218201975923, -0.182145360822021
-0.23896595138553856, -0.11918606347626076
-0.17236843408561925, -0.05017328987273529
0.10372221734330014, -0.008545314477918842
0.09418565508390149, -0.2575286949771029
-0.09744627216854253, -0.28114660057086716
-0.20770690853930612, -0.22169127428365784
