-1.4093392699038942, 1.6982180336909214
-1.4823571979126853, 1.7547284315963974
-1.382535439780647, 1.8468298685304854
-1.2892445388971372, 1.823641172726011
-1.273588561270955, 1.8343499997301655
-1.1683398532080314, 1.802204596944224
-1.1407396597692498, 1.829886476307314
-1.1237725739267976, 1.8760508523526136
-1.1190563100862343, 1.8964941110305549
-1.119294782135974, 1.9237766388010875
-1.1664187903965202, 1.9820372779406386
-1.2282747917614647, 1.993006698734905
-1.1999019268401314, 2.074436145451605
-1.277321906530818, 2.1423529967731723
-1.3202888023220856, 2.207758645861383
-1.326837053902932, 2.3248081873204325
-1.2923638265680801, 2.391476361103172
-1.2672286152359453, 2.436615254449755
-1.1929616040458244, 2.4299353547016085
-1.1484979634129944, 2.364243668193697
-1.1015907746322646, 2.333501492651336
-1.0462720038788809, 2.263180363938373
-0.9520349047139971, 2.201200191026822
-0.9523222660742414, 2.1369384605924644
-0.9689913253411371, 2.070732248719867
-0.9385766956835008, 2.037866941620022
-0.8701670693991617, 2.049837109678569
-0.7528824956039563, 2.011940242713332
-0.662782813978515, 2.0098393068924647
-0.6084421292821285, 2.013082402456996
-0.5669695706546222, 2.053082488666782
-0.48892378303094397, 2.072879422144215
-0.4136505574624375, 2.186305099523112
-0.36640322037053313, 2.26068619245811
-0.390754177463882, 2.3098234852258406
-0.32834753574166764, 2.3787461384900186
-0.26348984426893257, 2.460372775972575
-0.23043595758109764, 2.5452526455175315
-0.2625315809337134, 2.5881262561817704
-0.22603201458037875, 2.6388150522957172
-0.2428738110073362, 2.718430516341651
-0.17450007881365398, 2.708445597190974
-0.13930951990201448, 2.772328557454512
-0.08774487897137524, 2.854102957049108
-0.03475895818802357, 2.8775139412984347
-0.007182212303776565, 2.897206825463979
0.023887811704322963, 2.9684665152607903
0.10004002432812055, 3.0873099617296567
0.12349592474594046, 3.1408905962944367
0.11308852254173288, 3.189485756218096
0.08968508108639625, 3.2490701305745477
0.00965082575218151, 3.2452857856437705
-0.0637649860578342, 3.2799633608304166
-0.07860645625655599, 3.372371106191662
-0.16710964014883448, 3.404072832025822
-0.23601487745050845, 3.423065602191268
-0.27768210758841155, 3.3338447286741215
-0.34432676475759755, 3.2814752306004427
-0.4377574737832507, 3.347293401971257
-0.46184648015548907, 3.4335560283981468
-0.506122352786001, 3.4486731697280884
-0.4985515460235672, 3.531628317460874
-0.4901967804007, 3.60300429422854
-0.4648690831920827, 3.6915988058404015
-0.46988954717268705, 3.754825781018616
-0.5220419217674773, 3.790924924226732
-0.4859640092803932, 3.885132251373583
-0.4412660985686223, 3.9387822842024507
-0.3787142881259297, 3.9453813028377867
-0.3348372531653959, 3.864339063462429
-0.2863381309648896, 3.7909537648763445
-0.2338218389689828, 3.8163581763799184
-0.19787200903766744, 3.908660567368004
-0.13548514742648937, 3.909637614408106
-0.05679635681447754, 3.9368844041245867
0.01955280082777635, 3.9408447302377185
0.06345980504432253, 4.022614825072416
0.08983744791124278, 4.084943679034818
0.134661324431193, 4.167480285527337
0.1654065723432887, 4.2762186020602355
0.22646597692665138, 4.352143615768974
0.2409440028029618, 4.413936143462811
0.14325611961799248, 4.434582345449096
0.1514706978265561, 4.5098407744980795
0.13611751799386268, 4.534029415627612
0.10941057695177678, 4.567153512706611
0.0504851665871819, 4.587997623861717
0.07108225783502313, 4.661249362413987
0.05350297594824619, 4.703242209276519
-0.038326512336172694, 4.733620268078919
-0.020808743411207815, 4.815857874106213
-0.08293063380233338, 4.833903435526108
-0.1334287884042847, 4.909168538080283
-0.1679649687046925, 4.954380498323244
-0.14910611207095062, 5.010843337442463
-0.09665983160112768, 5.013899901000437
-0.019813699407661232, 4.96501706222143
0.004087415810184444, 5.041009928058824
0.09108190529911249, 4.998564443045496
0.18397646270840073, 5.032640866510742
0.22826844075715247, 5.107673998863929
0.32485917359912736, 5.085229665900441
0.3491839702455854, 5.096985059314476
0.3889254183887282, 5.179666635433625
0.4702123872580774, 5.1420376104885595
0.5212866097393579, 5.175816914518853
0.5726945137564535, 5.218748229463048
0.6298928132874058, 5.249951997434189
0.6995567917766147, 5.238319645975669
0.6852055937341113, 5.139854264098024
0.701483394920949, 5.0646549372356775
0.7390795220168925, 5.009910196520626
0.8061448534532999, 4.96834421677469
0.8827569906841745, 4.939955381591281
0.8591222033400097, 4.868252166682689
0.8594288274568889, 4.791398399817692
0.8076165088452586, 4.841027232571416
0.760718003186843, 4.832720469246226
0.7193125962034063, 4.754443966141159
0.7801183628171682, 4.714194342460703
0.7556334452499304, 4.64734621468647
0.7769738798739123, 4.569434216127035
0.8494777144991796, 4.539766440742732
0.8212079774079588, 4.439500365895933
0.840694052392092, 4.368385849633244
0.8519104590178888, 4.343711896938086
0.8726728682205358, 4.2846773553130255
0.8944408928700165, 4.243462110329238
0.9595932236975143, 4.20017799509499
0.9189778668362965, 4.132088735475309
0.9794035592526809, 4.0581344142825015
1.0286613880030282, 4.0441336472234015
1.0522682481089116, 3.96685605013401
1.1297778621869887, 3.9321246032186274
1.0684295289738384, 3.9291638551418457
1.0229841055881304, 3.8489523678553934
1.0415152473806109, 3.8291817858175583
1.1094537303871055, 3.7818873900485013
1.0415923070987865, 3.752134796917947
0.9941239657380939, 3.6735498744855635
0.9857801864387512, 3.5578848175535707
0.9851162370691584, 3.4609230744196227
0.9584786619579352, 3.386307796670105
0.9896502830503536, 3.328618617761138
0.9587219133627981, 3.2816276297275864
0.9458050229198339, 3.235983825283932
0.9711264522168364, 3.158090478138225
0.9872783231051533, 3.097294995303784
1.0316032711671146, 3.0467030284968897
1.0970231602621257, 3.060134763699339
1.0465458192951071, 2.9450875921974555
0.98798827711389, 2.9422731382552425
0.961751491846758, 2.868180823666966
0.9399316892587458, 2.7791123764373524
0.9634753476899717, 2.731359602080517
0.9764635216441052, 2.648863920401498
0.9908877575514945, 2.572548014452411
0.8889665378311724, 2.50473157248462
0.9014819432208112, 2.4150678389058386
0.9926424553167758, 2.4118533654393906
1.0821058508314172, 2.4115392535555977
1.134373143110519, 2.306233156466416
1.1858455522700997, 2.324190379604199
1.2390675864701635, 2.367009160217843
1.3290456134611608, 2.2881810854402165
1.4144738499041258, 2.322008638347573
1.4169732589103805, 2.3799472233678673
1.4882275633384907, 2.3884125895046533
1.5805115276379103, 2.30955252421849
1.535247038298073, 2.2748324053826607
1.514204354458782, 2.210168242358445
1.4425833340710963, 2.144638186255534
1.3891067942491226, 2.141003490258987
1.362174386170175, 2.0766634153574044
1.346993687029212, 2.0369051527821127
1.3245357481692737, 1.9690101757804885
1.3136090445871056, 1.8765286112754946
1.3312862839372743, 1.8653704963209137
1.3508413867164732, 1.8566812910583317
1.4362682443047603, 1.8967168577918139
1.4926990799653008, 1.9566564553881867
1.5438895589605373, 1.9742946061994284
1.6201443780780707, 2.0205307237072665
1.6904359170825183, 2.010017156965882
1.7490351909565045, 1.9406852574714013
1.8254358093262173, 1.9300418211234183
1.8685827071958188, 1.9771617899357388
1.9156304369773776, 2.062481850025591
1.951101092082004, 2.116928666885717
2.0068607116185806, 2.1148256178465856
2.050810317099562, 2.156371437099519
2.0585693406528707, 2.2002433207067864
2.05797624060923, 2.2350063755074796
1.9930533962764274, 2.3169343479157005
2.0632280631917768, 2.312432293002863
2.1197340391566803, 2.3016949311198234
2.1425830063954847, 2.2038318516643285
2.1080326344563227, 2.1502206307542187
2.1261885887236183, 2.1046845090931314
2.1421450117789607, 2.0422466576874103
2.0921427336481204, 2.0098712076715843
2.0885912839055614, 1.9428434350288086
2.128491136511254, 1.8952049640877058
2.1292308438645158, 1.8206343302922492
2.063237670885178, 1.8023094211938582
2.073738630733137, 1.717473098993981
2.1492354634132473, 1.6923679801898472
2.1170731192850605, 1.6429051545651423
2.0543789526910237, 1.569516380775733
2.0266325635473224, 1.5086910624151089
2.05584766855255, 1.4322430799611525
2.028711850032377, 1.3715137029684261
2.0429769225388963, 1.2803003281186205
2.1259528492559907, 1.247989477156434
2.0824612841265067, 1.190000690321672
2.0184133320513338, 1.2098170380266646
1.9880676607342296, 1.2173698617821216
1.9227904238300484, 1.1615733183176857
1.8893385728298266, 1.1070136453191497
1.8778874271205683, 1.0685523771703622
1.9024696822013794, 1.0045209420691223
1.998031983480504, 1.0270348604459854
2.064706442802233, 1.0761809528966086
2.102167329423241, 0.9945455826488214
2.1708925344349472, 0.9348503097015304
2.1165406439203025, 0.9129937434800662
2.0775569222704213, 0.8360929537523731
2.0483897199555923, 0.7593503526882066
2.069064416053813, 0.6824725616370539
2.081512950633419, 0.624816415553562
2.0025033681012117, 0.5972447211066049
1.9244958775044254, 0.6137179627538268
1.8721693480062211, 0.5537738835552068
1.7866600598960864, 0.5162318827491547
1.7671366230752543, 0.5070912253431994
1.7129572619450024, 0.45170520260513414
1.6525429928640576, 0.4035492816367293
1.6411300454765416, 0.3222182302044722
1.7031650446735633, 0.2966405517417463
1.795719406722484, 0.27300331305062375
1.892368117681966, 0.19391600096088005
1.7937377162891237, 0.18990728674961813
1.7491940668912094, 0.10178931589086292
1.8384418820962392, 0.05699735321672788
1.7843904420106604, -0.004722022758248874
1.7519291491521887, -0.08837389885701288
1.8109890693617028, -0.1495538561287097
1.8667195359929285, -0.1449473935935724
1.9101462502972575, -0.21601209045912326
1.8983781419628873, -0.27143771403182687
1.92945359620319, -0.3179283423567278
1.8848131060318798, -0.3673579806046015
1.9007572921115645, -0.41870277268548073
1.9857966702879357, -0.4661006462152302
1.9174778352682738, -0.5100533166150482
1.822441188876789, -0.5719804357227954
1.8071030487978537, -0.5873464635567133
1.7934153438815152, -0.650412895055671
1.8529834825653828, -0.6928981556122532
1.8443625713427818, -0.7730964822282037
1.8124324856253489, -0.8235132625954685
1.7341872195562504, -0.8797397004887763
1.733388442307241, -0.9412847400183031
1.733407030909371, -1.0326534776680205
1.6560813989795335, -1.1037458055293623
1.6367135345359283, -1.1435044283412934
1.7277530133392072, -1.1789588393224375
1.7969771152385012, -1.2147668629960187
1.7986940196486703, -1.277213390739983
1.7195415781920855, -1.366522803512107
1.6767781072715395, -1.4072727996439538
1.6845368938007241, -1.4861377409427359
1.7202285266300574, -1.509742809661218
1.7529706275212753, -1.5134288806953953
1.9036285563171111, -1.5016598368167697
1.882693915370442, -1.597373584286284
1.8162150138067774, -1.6190778531909908
1.790069848365293, -1.641535585003426
1.7959207133504518, -1.7183754485749017
1.7456777083289798, -1.711619778470584
1.7202987037436035, -1.6450361867560586
1.650005747202707, -1.679260960664203
1.5541464604833835, -1.6937304252813825
1.4772048007490752, -1.7223481765588415
1.4624869206756448, -1.7592630279470611
1.5136551063620252, -1.8200433493818138
1.4663848566775692, -1.8519448620176562
1.3977131841285253, -1.8738607733863442
1.378084902724605, -1.9320877700542094
1.3687183625969133, -2.0525364847870886
1.282002528731503, -2.08365464326871
1.218240573333452, -2.0708834930586613
1.148849875681641, -2.0932386751701118
1.1203472310349512, -2.1521484307681025
1.0484322522643745, -2.1438686518107044
0.9996111545243141, -2.167954137638763
0.9993531720720289, -2.25207873490684
0.9957022562915451, -2.323064218506986
0.9282476741269817, -2.370799326114084
0.8780625421789136, -2.3784402512921754
0.8312540211407505, -2.395744498747189
0.786929469571993, -2.4463299057770063
0.69361458764894, -2.4617799094399957
0.6743039362735235, -2.4735898274347745
0.6575273918790605, -2.4870565418194914
0.61843657859189, -2.5300781279496505
0.5248386815179007, -2.5274089811809093
0.49956073343833773, -2.535489164850048
0.4560296674475003, -2.554976747379885
0.41859680615611067, -2.5809301383796273
0.39565427328430497, -2.646301637285247
0.32505116432403, -2.666500193495764
0.2329650769400098, -2.6925262057127184
0.18513226385541215, -2.745553362917164
0.08153269486904877, -2.7282011104743433
0.051429915768987505, -2.7385033795728737
-0.0010404126847451992, -2.7941665624741865
-0.07926481668813568, -2.7730402326784396
-0.13538059353620244, -2.6995446451362506
-0.11211044552015902, -2.6256274452846062
-0.06953689740877823, -2.566227813920609
-0.11392620514546238, -2.5184156483126827
-0.14736653244321135, -2.5187343568854175
-0.2136159726561384, -2.5257113009025214
-0.22983843844678628, -2.534662575482997
-0.28021699284922214, -2.558733575425886
-0.3147727428325282, -2.5026080337911556
-0.3428461583584652, -2.440579369841376
-0.4251549883558071, -2.461639429072283
-0.4490794553217327, -2.4875511244352326
-0.5077103470314619, -2.535673116472072
-0.5798807826417093, -2.550888900677267
-0.6030331449352063, -2.4968737791810147
-0.6415496166866052, -2.449554951560524
-0.6860015699220577, -2.364529032873412
-0.7382917067126168, -2.4064075989100786
-0.8207886391968299, -2.3918804749819835
-0.9184132640638238, -2.4655183382461594
-0.9998740447736463, -2.4279463316612646
-1.0409551758426212, -2.48979750405813
-1.0907878957832688, -2.53588574485213
-1.2055648380060515, -2.540600926789822
-1.3374605923944989, -2.5448084001209663
-1.3980602310330972, -2.4985965488161996
-1.459950678476309, -2.4354797047764336
-1.516633519847374, -2.364679298899688
-1.6035536565339885, -2.3651347712911868
-1.7051298646402213, -2.3673622080275036
-1.7387995183431364, -2.2982542816171065
-1.7950984530721386, -2.299678763697398
-1.8581226112027291, -2.3694395414525133
-1.9370547640247955, -2.372334420443387
-1.9922044586281908, -2.44367787605829
-2.0247680418016913, -2.364263672992657
-2.07469249227207, -2.275481659201256
-2.1580247955811442, -2.29097324001094
-2.1805777638091417, -2.313527781719586
-2.2341372470429484, -2.366976054524681
-2.2401673121157613, -2.4651505459995877
-2.2532130764065728, -2.536538415398731
-2.2848751084166254, -2.603417389829725
-2.3386577917131706, -2.6513252651612644
-2.3410300149688994, -2.739598224629753
-2.3380191005772164, -2.751521692890566
-2.3245746400311984, -2.8032251112995548
-2.31391245495476, -2.8947438960862097
-2.395434498395418, -2.911623406179047
-2.424901866850685, -2.8320685583416956
-2.4783869821677205, -2.762042006277926
-2.504807293981399, -2.7137281064358207
-2.5623197873411026, -2.6198580281552326
-2.6239828217197227, -2.559911898453967
-2.7024636083905804, -2.5555880931297303
-2.7590657081218604, -2.550697712276203
-2.7821091668944784, -2.5004443654669037
-2.790742742656205, -2.447376917449221
-2.8601576599458935, -2.4199650608563212
-2.922001746640415, -2.4259533696239064
-2.9734690918709163, -2.363715311520703
-3.036443175750038, -2.3853637169575013
-3.0729783765890164, -2.4824154122482427
-3.159676814287062, -2.5144477052644
-3.2209507887402604, -2.5439161913153523
-3.2659463029498013, -2.575190581802961
-3.265545284905838, -2.6353446217944523
-3.292436435274143, -2.6904686326885057
-3.290668907299997, -2.7395515972482527
-3.282912001020368, -2.817003158266562
-3.27642498281887, -2.881944261255647
-3.2618082222886233, -2.978750699935649
-3.3094854057616905, -2.9941180160375236
-3.352848214254334, -3.0464209143853767
-3.432234014700448, -3.0310513929627896
-3.5127166788789017, -3.05128361389496
-3.5597113846847575, -3.003786759511148
-3.5754077952606496, -2.920495955720508
-3.5603196024478363, -2.8566533278736603
-3.587932211542236, -2.7922368622805815
-3.6594786211975006, -2.723492891949829
-3.661457955475557, -2.626460080132303
-3.715900935971654, -2.54629613009235
-3.707988254238219, -2.493554974919256
-3.706680024616338, -2.4244516540670853
-3.682058460957297, -2.3030291305720825
-3.6200131599817875, -2.3006513019418984
-3.537274628235791, -2.3445869616101174
-3.5192610552041503, -2.3292390945123063
-3.456537646768117, -2.272928926204996
-3.3412529109950646, -2.2363662177602106
-3.3070499842025036, -2.2201975950126376
-3.2751828560446112, -2.1946487126219467
-3.2396837789269797, -2.124198948042193
-3.243957202827314, -2.036320612275414
-3.2044767736442155, -1.9714542824375387
-3.078737294068276, -1.9316343905017967
-2.9963949512994215, -1.9469429668819496
-2.8040761012200965, -1.9865202959574328
-2.7185709302618557, -1.9946702478492253
-2.6703283545839223, -1.9732838647808129
-2.6143529116281683, -2.0098973481631783
-2.5295174374438663, -1.9900447188468746
-2.5024765512351013, -1.9813626002979674
-2.4223964370738402, -2.040205141094933
-2.3449104573609127, -2.003510817292577
-2.3199177125848918, -1.9899694322761463
-2.2733036596706984, -1.957623773212445
-2.20194413574134, -1.9850775255822393
-2.110996416039013, -2.0115435446688137
-2.0150539628463195, -2.0144651247848158
-1.9993669806943903, -1.9876463065074437
-1.992750538629946, -1.947027154382014
-1.9997823453503043, -1.9237570275226585
-2.0553058065305096, -1.8684963582132794
-2.070017416984498, -1.7326437558047114
-2.000701146516537, -1.705841853983227
-2.0540158542014506, -1.6262928420391007
-2.0589598567737943, -1.5345712982992143
-2.00663059690755, -1.4430661472783404
-1.9378880653443755, -1.463147567982609
-1.9276859411492437, -1.4656770306007492
-1.8383633634083343, -1.4687688407928967
-1.749559089369372, -1.487497522884726
-1.6588831258447088, -1.4507695814382213
-1.704117949566659, -1.3530299928315832
-1.7564038767546024, -1.2750306850713955
-1.8728385253396655, -1.2853177936520006
-1.926669483207058, -1.249530954932324
-1.9278483921183216, -1.1973611788451641
-1.8840841901048748, -1.026304271542428
-1.8067136107096216, -0.9700297093154392
-1.7863523676325823, -0.9117021698019173
-1.7121027088853251, -0.8323873222790609
-1.7346495507461266, -0.7689525274921934
-1.7151537089669182, -0.6816022843131129
-1.6170967344108067, -0.6682327122428006
-1.5809908573381877, -0.6260954568946983
-1.4592311413027077, -0.61549799624054
-1.3806479162850704, -0.6117868323584736
-1.3476896329001176, -0.6518835767188235
-1.3577632986017762, -0.6806125970910294
-1.3936238004820425, -0.6651026783750127
-1.4688663480444066, -0.6577543147490209
-1.5205542875140226, -0.7220735004676542
-1.5118462731950046, -0.8063738974810354
-1.5630217187342685, -0.8505119959190789
-1.568626293260224, -0.9030510891508646
-1.5061163990337612, -0.9531952712547621
-1.4152226262180791, -1.0057292937326545
-1.3963139158222744, -1.0526122688301538
-1.370923459465404, -1.1480539694007155
-1.3054828917271137, -1.110113936481465
-1.1907939337836622, -1.0722814215112602
-1.1369652533349832, -1.0315500897283678
-1.0503530190609107, -0.9844357867318133
-1.0540550491819884, -0.9484775090932519
-1.0332298376184417, -0.8975046686661247
-0.9730721346462223, -0.8199351555586571
-0.9197843558641272, -0.7909306390333884
-0.8313245580288955, -0.7551305394690806
-0.7520984040688001, -0.7137749887364399
-0.6904995460551592, -0.7029830132944479
-0.6365294905129357, -0.7208995122852002
-0.5733879265862138, -0.6974223861224849
-0.5726203213744074, -0.6215683490558146
-0.5088721984196921, -0.6409600058277357
-0.45680862821786966, -0.6598233862243867
-0.3592737007539272, -0.6540275769626624
-0.27320282428117865, -0.6192360524108075
-0.20896410884771408, -0.5898603805180009
-0.1254386197840999, -0.5674612896861737
-0.08357172879881228, -0.4894102485270027
-0.02810747347187195, -0.46404070539892084
-0.041707548320041525, -0.387699023348826
-0.05978323650345596, -0.3323256501081068
-0.07556238913653388, -0.24515752454503514
-0.1053445691094779, -0.1704571214276906
-0.11184159697868165, -0.06635040698035308
-0.05990338698918098, -0.07589845866673628
0.03713587915398454, 0.004883524586584234
0.12201190654049249, 0.004124291522286564
0.16178389483363773, -0.06017749052873724
0.23824818190577035, -0.1045671685535947
0.31196241336473934, -0.09150357711492596
0.3381945658491132, -0.01344910051837123
0.3843644045053615, 0.02705461714712649
0.46985794068473, -0.022474595710269076
0.560788579422109, -0.0013954380142267686
0.6020868104376993, -0.052740204023630693
0.581240359894962, -0.10416422661106597
0.580712273768962, -0.12726519509057346
0.6655508893236407, -0.16518143805477234
0.7218228680710995, -0.13625559824705494
0.7221054925760851, -0.06907538878739722
0.7217726657938578, 0.001378438881518821
0.7081025511283997, 0.06471521352756236
0.6539212339788026, 0.10090341817548684
0.6337348069523245, 0.1559553055833315
0.539005626030487, 0.1755117956861144
0.5229560153420199, 0.2882307421961654
0.5158429742322094, 0.3337289827886238
0.45100825514731846, 0.39375439691690767
0.4128032437882369, 0.44147169117864693
0.33207563999299805, 0.45643199937547696
0.2614856722479459, 0.4739780189045301
0.1689309725777771, 0.5475721549156926
0.1465298387790835, 0.5504183230235135
0.10504038515217518, 0.5505821937134058
0.023930638220707703, 0.5617776489118458
-0.053862218585340314, 0.6202969936158084
-0.11147094371744361, 0.606095990051857
-0.15928011404437237, 0.685201978613312
-0.06860700365066275, 0.7416904321168708
-0.037801104867448525, 0.810000310454309
0.019644682715424633, 0.7874653332462273
0.11093937502975654, 0.7417275666040685
0.16501775568860305, 0.7129104064906383
0.21375937647453067, 0.7141765606555596
0.28616661421756745, 0.7803779290890471
0.2259883966544296, 0.8468581987968221
0.26376163083026677, 0.9445659190107973
0.2204046440070534, 0.9928066383995778
0.20332234987763975, 1.08207566999184
0.16777064155760885, 1.1658736868666617
0.0875799905957072, 1.2212704172000997
0.005512110371195278, 1.323432038928874
-0.029871170549719304, 1.4049992542968823
-0.08165747957436555, 1.441523394110103
-0.2114630318013185, 1.4336263064847377
-0.27794633482740344, 1.4483019201344765
-0.36089513013875646, 1.4548080522816507
-0.4285072287843513, 1.4613197671482538
-0.4780442203974242, 1.4556931851858828
-0.5454160345683721, 1.3957246715170066
-0.5830722560130697, 1.4751050583951473
-0.6554013411301332, 1.484636413024937
-0.7087843263337956, 1.4886464950296239
-0.7983992529097971, 1.4629984315576776
-0.8581249671377328, 1.402684224575701
-0.9345896282651751, 1.4515712381298005
-0.9538099042435635, 1.4350018540814289
-0.9881165738584151, 1.3728636329710244
-0.9786764780706215, 1.3187210699992322
-0.9631654719507367, 1.256634094709432
-0.9590168232073631, 1.1919264992392602
-0.9088257980998896, 1.1592143742106702
-0.9202923518953349, 1.0960754263886427
-0.9643522798880507, 1.052552804353252
-1.019677196134063, 0.9998754249073949
-1.0927278904663051, 0.9415106341448417
-1.1670805360278071, 0.9956594793785847
-1.2005126490434288, 1.0000115385439623
-1.2615735595074788, 1.0522330629123728
-1.2904281158105975, 1.0457969033705432
-1.352577202888971, 0.9827614725167588
-1.4374193628657777, 0.9447873643157089
-1.5284705059610142, 0.9760431047393706
-1.6064874365519335, 1.0439898821423756
-1.5360812985118537, 1.0788280701556787
-1.5310000936066253, 1.129877012816727
-1.497381337133572, 1.2075293011311352
-1.50501389910398, 1.2919452370220714
-1.5065285460265394, 1.3775705614759604
-1.4579057648966307, 1.4264999494577912
-1.4919307944757443, 1.5073866752080436
-1.488230218900297, 1.5610585115544477
-1.49524629130767, 1.6399436590235352
-1.6064874365519335, 1.0439898821423756
-1.4823571979126853, 1.7547284315963974
-1.382535439780647, 1.8468298685304854
-1.273588561270955, 1.8343499997301655
-1.2541948531960028, 1.8284267103230443
-1.2615735595074788, 1.0522330629123728
-1.352577202888971, 0.9827614725167588
-1.4374193628657777, 0.9447873643157089
-1.5284705059610142, 0.9760431047393706
-1.2615735595074788, 1.0522330629123728
-1.2541948531960028, 1.8284267103230443
-1.132614156814292, 1.8519945022495965
-0.9345896282651751, 1.4515712381298005
-0.9088257980998896, 1.1592143742106702
-0.9202923518953349, 1.0960754263886427
-0.9643522798880507, 1.052552804353252
-1.019677196134063, 0.9998754249073949
-1.0927278904663051, 0.9415106341448417
-1.2005126490434288, 1.0000115385439623
-0.1679649687046925, 4.954380498323244
-0.14910611207095062, 5.010843337442463
0.3889254183887282, 5.179666635433625
0.6298928132874058, 5.249951997434189
0.6995567917766147, 5.238319645975669
0.6884913180692498, 5.124675048218582
0.3357450792074299, 4.318886470046791
0.22646597692665138, 4.352143615768974
0.14325611961799248, 4.434582345449096
-0.038326512336172694, 4.733620268078919
0.01955280082777635, 3.9408447302377185
0.1654065723432887, 4.2762186020602355
0.22646597692665138, 4.352143615768974
0.3357450792074299, 4.318886470046791
0.10782766550168577, 3.798248037945789
-0.2919373541287075, 3.299396259586461
-0.2863381309648896, 3.7909537648763445
-0.19787200903766744, 3.908660567368004
-0.05679635681447754, 3.9368844041245867
0.01955280082777635, 3.9408447302377185
0.10782766550168577, 3.798248037945789
-0.07860645625655599, 3.372371106191662
-0.5220419217674773, 3.790924924226732
-0.4859640092803932, 3.885132251373583
-0.4412660985686223, 3.9387822842024507
-0.3787142881259297, 3.9453813028377867
-0.2863381309648896, 3.7909537648763445
-0.2919373541287075, 3.299396259586461
-0.34432676475759755, 3.2814752306004427
-0.4377574737832507, 3.347293401971257
-0.506122352786001, 3.4486731697280884
-0.07860645625655599, 3.372371106191662
0.0921407537645774, 3.7624139654257345
0.9189778668362965, 4.132088735475309
1.0286613880030282, 4.0441336472234015
1.1297778621869887, 3.9321246032186274
1.1094537303871055, 3.7818873900485013
0.6193005161558374, 2.859632692477015
0.10004002432812055, 3.0873099617296567
-0.0637649860578342, 3.2799633608304166
0.0921407537645774, 3.7624139654257345
0.5032322575451931, 4.701482343301895
0.7193125962034063, 4.754443966141159
0.7801183628171682, 4.714194342460703
0.8494777144991796, 4.539766440742732
0.9595932236975143, 4.20017799509499
0.9189778668362965, 4.132088735475309
0.5032322575451931, 4.701482343301895
0.6884913180692498, 5.124675048218582
0.8827569906841745, 4.939955381591281
0.8594288274568889, 4.791398399817692
0.7193125962034063, 4.754443966141159
-0.390754177463882, 2.3098234852258406
-0.2428738110073362, 2.718430516341651
0.10004002432812055, 3.0873099617296567
0.6193005161558374, 2.859632692477015
0.1826020741072233, 1.9761473409669574
-0.36640322037053313, 2.26068619245811
-0.6084421292821285, 2.013082402456996
-0.36640322037053313, 2.26068619245811
0.1826020741072233, 1.9761473409669574
-0.08165747957436555, 1.441523394110103
-0.32499580525434435, 1.4174923884195882
-1.1169435593113615, 1.7877573888830058
-0.9385766956835008, 2.037866941620022
-0.8701670693991617, 2.049837109678569
-0.6084421292821285, 2.013082402456996
-0.32499580525434435, 1.4174923884195882
-0.5454160345683721, 1.3957246715170066
-0.8581249671377328, 1.402684224575701
-0.9345896282651751, 1.4515712381298005
-1.326837053902932, 2.3248081873204325
-1.2923638265680801, 2.391476361103172
-1.2672286152359453, 2.436615254449755
-1.1929616040458244, 2.4299353547016085
-0.9520349047139971, 2.201200191026822
-0.9385766956835008, 2.037866941620022
-1.1169435593113615, 1.7877573888830058
-1.2282747917614647, 1.993006698734905
-1.3202888023220856, 2.207758645861383
1.9930533962764274, 2.3169343479157005
2.0632280631917768, 2.312432293002863
2.1197340391566803, 2.3016949311198234
2.1425830063954847, 2.2038318516643285
2.1170166843373592, 2.127688144586358
2.050810317099562, 2.156371437099519
1.8254358093262173, 1.9300418211234183
1.951101092082004, 2.116928666885717
2.050810317099562, 2.156371437099519
2.1170166843373592, 2.127688144586358
2.1261885887236183, 2.1046845090931314
2.1421450117789607, 2.0422466576874103
2.1492354634132473, 1.6923679801898472
2.1170731192850605, 1.6429051545651423
2.057076367609023, 1.5726739308954294
0.8786182066866937, -0.21199529186065863
1.7519291491521887, -0.08837389885701288
1.8667195359929285, -0.1449473935935724
1.9101462502972575, -0.21601209045912326
1.9857966702879357, -0.4661006462152302
1.8085058758508044, -0.6611757826801304
0.21545237997632974, 0.5105810264725059
0.665755007401243, 0.45108632853260433
0.5158429742322094, 0.3337289827886238
0.2614856722479459, 0.4739780189045301
0.5158429742322094, 0.3337289827886238
0.665755007401243, 0.45108632853260433
1.6411300454765416, 0.3222182302044722
1.795719406722484, 0.27300331305062375
1.892368117681966, 0.19391600096088005
1.8384418820962392, 0.05699735321672788
1.7519291491521887, -0.08837389885701288
0.8786182066866937, -0.21199529186065863
0.7218228680710995, -0.13625559824705494
0.539005626030487, 0.1755117956861144
0.21375937647453067, 0.7141765606555596
0.23830622641649904, 0.833250407174585
1.8778874271205683, 1.0685523771703622
2.064706442802233, 1.0761809528966086
2.1708925344349472, 0.9348503097015304
2.081512950633419, 0.624816415553562
1.6411300454765416, 0.3222182302044722
0.24170592119520384, 0.5071123669321391
-0.15928011404437237, 0.685201978613312
-0.037801104867448525, 0.810000310454309
0.21375937647453067, 0.7141765606555596
0.24170592119520384, 0.5071123669321391
0.21545237997632974, 0.5105810264725059
0.023930638220707703, 0.5617776489118458
-0.11147094371744361, 0.606095990051857
0.2259883966544296, 0.8468581987968221
0.25169478488894004, 0.9579919749158521
1.3136090445871056, 1.8765286112754946
1.6201443780780707, 2.0205307237072665
1.6904359170825183, 2.010017156965882
1.8254358093262173, 1.9300418211234183
2.057076367609023, 1.5726739308954294
2.1259528492559907, 1.247989477156434
2.0824612841265067, 1.190000690321672
1.8778874271205683, 1.0685523771703622
0.23830622641649904, 0.833250407174585
1.305189270471914, 1.869245658886406
1.3290456134611608, 2.2881810854402165
1.4169732589103805, 2.3799472233678673
1.4882275633384907, 2.3884125895046533
1.5805115276379103, 2.30955252421849
1.3136090445871056, 1.8765286112754946
-0.08165747957436555, 1.441523394110103
0.16509111091498369, 1.940720881924419
0.9014819432208112, 2.4150678389058386
1.0821058508314172, 2.4115392535555977
1.2390675864701635, 2.367009160217843
1.3290456134611608, 2.2881810854402165
1.305189270471914, 1.869245658886406
0.25169478488894004, 0.9579919749158521
0.2204046440070534, 0.9928066383995778
0.16509111091498369, 1.940720881924419
0.7902376636620281, 3.2054559226726047
0.9458050229198339, 3.235983825283932
1.0970231602621257, 3.060134763699339
0.9908877575514945, 2.572548014452411
0.9014819432208112, 2.4150678389058386
0.7902376636620281, 3.2054559226726047
0.9894268047246434, 3.6084358084792516
0.9896502830503536, 3.328618617761138
0.9458050229198339, 3.235983825283932
-0.6847549383447056, -2.3669135399065966
-0.3375387210140757, -2.2378371479301506
-0.3428461583584652, -2.440579369841376
-0.5077103470314619, -2.535673116472072
-0.5798807826417093, -2.550888900677267
-0.6415496166866052, -2.449554951560524
-0.3428461583584652, -2.440579369841376
-0.3375387210140757, -2.2378371479301506
0.07935492202313638, -2.0828584211447048
-0.11392620514546238, -2.5184156483126827
-0.28021699284922214, -2.558733575425886
-0.3147727428325282, -2.5026080337911556
-0.13538059353620244, -2.6995446451362506
-0.11392620514546238, -2.5184156483126827
0.07935492202313638, -2.0828584211447048
0.7555808119429237, -1.8314738553460626
0.9996111545243141, -2.167954137638763
0.9993531720720289, -2.25207873490684
0.9957022562915451, -2.323064218506986
0.9282476741269817, -2.370799326114084
0.786929469571993, -2.4463299057770063
0.39565427328430497, -2.646301637285247
0.18513226385541215, -2.745553362917164
-0.0010404126847451992, -2.7941665624741865
-0.07926481668813568, -2.7730402326784396
0.7555808119429237, -1.8314738553460626
1.3807695241825386, -1.5990621785508865
1.4772048007490752, -1.7223481765588415
1.5136551063620252, -1.8200433493818138
1.3687183625969133, -2.0525364847870886
1.1203472310349512, -2.1521484307681025
0.9996111545243141, -2.167954137638763
1.3807695241825386, -1.5990621785508865
1.6845368938007241, -1.4861377409427359
1.9036285563171111, -1.5016598368167697
1.882693915370442, -1.597373584286284
1.7959207133504518, -1.7183754485749017
1.4772048007490752, -1.7223481765588415
-3.715900935971654, -2.54629613009235
-3.706680024616338, -2.4244516540670853
-3.6963317332480123, -2.3734185162370163
-3.2659463029498013, -2.575190581802961
-3.2618082222886233, -2.978750699935649
-3.352848214254334, -3.0464209143853767
-3.5127166788789017, -3.05128361389496
-3.5597113846847575, -3.003786759511148
-3.6594786211975006, -2.723492891949829
-3.3070499842025036, -2.2201975950126376
-3.243957202827314, -2.036320612275414
-3.2044767736442155, -1.9714542824375387
-3.078737294068276, -1.9316343905017967
-3.033108879645303, -1.9401173416033966
-2.9734690918709163, -2.363715311520703
-3.0729783765890164, -2.4824154122482427
-3.114378107842543, -2.497711285593986
-3.6963317332480123, -2.3734185162370163
-3.682058460957297, -2.3030291305720825
-3.3070499842025036, -2.2201975950126376
-3.114378107842543, -2.497711285593986
-3.2659463029498013, -2.575190581802961
-3.033108879645303, -1.9401173416033966
-2.2733036596706984, -1.957623773212445
-2.2536041258557984, -1.9652026651861365
-2.2106129119487794, -2.111733012559993
-2.6239828217197227, -2.559911898453967
-2.7024636083905804, -2.5555880931297303
-2.7590657081218604, -2.550697712276203
-2.922001746640415, -2.4259533696239064
-2.9734690918709163, -2.363715311520703
-2.6239828217197227, -2.559911898453967
-2.2106129119487794, -2.111733012559993
-2.1580247955811442, -2.29097324001094
-2.31391245495476, -2.8947438960862097
-2.395434498395418, -2.911623406179047
-1.749559089369372, -1.487497522884726
-1.70432444233099, -1.3527219502369208
1.6367135345359283, -1.1435044283412934
1.7277530133392072, -1.1789588393224375
1.7969771152385012, -1.2147668629960187
1.7986940196486703, -1.277213390739983
1.6845368938007241, -1.4861377409427359
-0.7382917067126168, -2.4064075989100786
-0.9228866815525376, -2.474212630094975
-1.5377322643382314, -2.196304009724909
-2.070017416984498, -1.7326437558047114
-2.0589598567737943, -1.5345712982992143
-2.00663059690755, -1.4430661472783404
-1.8383633634083343, -1.4687688407928967
-1.749559089369372, -1.487497522884726
-1.5377322643382314, -2.196304009724909
-1.9993669806943903, -1.9876463065074437
-2.0553058065305096, -1.8684963582132794
-2.2536041258557984, -1.9652026651861365
-1.9993669806943903, -1.9876463065074437
-1.7109587180766577, -2.1180060986430225
-1.7387995183431364, -2.2982542816171065
-1.8581226112027291, -2.3694395414525133
-1.9922044586281908, -2.44367787605829
-2.1580247955811442, -2.29097324001094
-1.7387995183431364, -2.2982542816171065
-1.7109587180766577, -2.1180060986430225
-0.9228866815525376, -2.474212630094975
-1.0907878957832688, -2.53588574485213
-1.2055648380060515, -2.540600926789822
-1.3374605923944989, -2.5448084001209663
-1.7051298646402213, -2.3673622080275036
0.2764386445581169, -0.7026801389924671
0.580712273768962, -0.12726519509057346
0.7218228680710995, -0.13625559824705494
1.8085058758508044, -0.6611757826801304
1.8529834825653828, -0.6928981556122532
1.8443625713427818, -0.7730964822282037
1.733407030909371, -1.0326534776680205
1.6367135345359283, -1.1435044283412934
0.43414840331934135, -1.2188096773128008
0.29937792283438736, -1.061939464925274
0.23824818190577035, -0.1045671685535947
0.3381945658491132, -0.01344910051837123
0.3843644045053615, 0.02705461714712649
0.560788579422109, -0.0013954380142267686
0.6020868104376993, -0.052740204023630693
0.580712273768962, -0.12726519509057346
0.2764386445581169, -0.7026801389924671
-0.1254386197840999, -0.5674612896861737
-0.11184159697868165, -0.06635040698035308
0.03713587915398454, 0.004883524586584234
0.12201190654049249, 0.004124291522286564
0.23824818190577035, -0.1045671685535947
0.29937792283438736, -1.061939464925274
-1.370923459465404, -1.1480539694007155
-0.9730721346462223, -0.8199351555586571
-0.9197843558641272, -0.7909306390333884
-0.5726203213744074, -0.6215683490558146
-0.1254386197840999, -0.5674612896861737
0.43414840331934135, -1.2188096773128008
-1.3009638480112737, -1.327463301709658
-1.9278483921183216, -1.1973611788451641
-1.8840841901048748, -1.026304271542428
-1.832629208466123, -0.9213105823973586
-1.568626293260224, -0.9030510891508646
-1.4152226262180791, -1.0057292937326545
-1.3963139158222744, -1.0526122688301538
-1.3009638480112737, -1.327463301709658
-1.70432444233099, -1.3527219502369208
-1.8728385253396655, -1.2853177936520006
-1.926669483207058, -1.249530954932324
-1.832629208466123, -0.9213105823973586
-1.7151537089669182, -0.6816022843131129
-1.5809908573381877, -0.6260954568946983
-1.4592311413027077, -0.61549799624054
-1.3806479162850704, -0.6117868323584736
-1.3476896329001176, -0.6518835767188235
-1.3577632986017762, -0.6806125970910294
-1.568626293260224, -0.9030510891508646
