-0.2515857349795172, 0.002505587461170203
-0.2369717957111633, 0.06711461569290975
-0.23745498512404165, 0.11935820398653225
-0.21182374158952058, 0.2537510594673713
-0.14729081837327682, 0.2598084376969571
-0.08968228576343569, 0.28990928273547295
-0.049935058869126796, 0.25479631980822165
-2.792712152873277E-4, 0.2295862283541784
0.07358276984724388, 0.254318507135102
0.21077745816535237, 0.19398053494509468
0.2025224274980857, 0.1023155812926781
0.19599710215938887, 0.0016562677406043872
0.18931085392106978, -0.05573009608467724
0.19270109003847538, -0.14831993864183649
0.17347652786381312, -0.2525328958125923
0.09977017675501398, -0.2688603602432975
-0.0010651725009912943, -0.24864743095727745
-0.07035329990298103, -0.30350386676330154
-0.12176707197854472, -0.30229268794346037
-0.1461934915633026, -0.22436117482800505
-0.18130750632724776, -0.20616341017043052
-0.2003026822930553, -0.2033488659463786
-0.2688271715725346, -0.19853624871864184
-0.24493981213246738, -0.09282277127837088
-0.2688271715725346, -0.19853624871864184
-0.2515857349795172, 0.002505587461170203
-0.23745498512404165, 0.11935820398653225
-0.21182374158952058, 0.2537510594673713
-0.08968228576343569, 0.28990928273547295
0.07358276984724388, 0.254318507135102
0.21077745816535237, 0.19398053494509468
0.19270109003847538, -0.14831993864183649
0.17347652786381312, -0.2525328958125923
0.09977017675501398, -0.2688603602432975
-0.07035329990298103, -0.30350386676330154
-0.12176707197854472, -0.30229268794346037
