-0.11151173215602403, -0.0833280906009738
-0.1599588724921655, -0.04718547831930574
-0.17123070874318003, -0.03895605474553896
-0.17616633795804246, 0.019808073865017806
-0.1839831058495811, 0.1465169252365038
-0.12340029342686376, 0.1879792425436202
-0.02512643000181256, 0.20047712911776683
0.03552192692260751, 0.14153632312460476
0.07467841970318102, 0.13024481476691133
0.13178931039470534, 0.11998325820040448
0.10374423069015615, 0.02666347271905998
0.21451657163766974, -0.05629711883063777
0.16583399108073305, -0.11398756851740573
0.11391617100476219, -0.13223782267991438
0.06779012207938191, -0.10663391446275838
0.0015762548941988443, -0.06475481610305403
-0.04350039621413586, -0.12664801560813033
-0.1839831058495811, 0.1465169252365038
-0.12340029342686376, 0.1879792425436202
-0.02512643000181256, 0.20047712911776683
0.13178931039470534, 0.11998325820040448
0.21451657163766974, -0.05629711883063777
0.16583399108073305, -0.11398756851740573
0.11391617100476219, -0.13223782267991438
-0.04350039621413586, -0.12664801560813033
-0.11151173215602403, -0.0833280906009738
-0.17123070874318003, -0.03895605474553896
-0.17616633795804246, 0.019808073865017806
