-0.05413104155338734, 0.02875834259703077
-6.850671575742862E-4, 0.05189680421384032
0.07844313633161307, 0.0473659770609473
0.14294177691724863, 0.01085519412620913
0.07431711790914979, -0.06001148356951451
0.016107737793197963, -0.06837995439879324
-0.03931035960266374, -0.03531772784081717
-0.05413104155338734, 0.02875834259703077
-6.850671575742862E-4, 0.05189680421384032
0.07844313633161307, 0.0473659770609473
0.14294177691724863, 0.01085519412620913
0.07431711790914979, -0.06001148356951451
0.016107737793197963, -0.06837995439879324
-0.03931035960266374, -0.03531772784081717
