0.2569222518302091, -0.17975564575381267
0.21572402183961342, -0.1863232690481448
0.13808900827247655, -0.176254366954032
0.08264641805096155, -0.22035542378691209
9.188261617092653E-4, -0.22327820396108083
-0.07942768875780666, -0.2302024996934802
-0.18462843925289965, -0.20371239397766727
-0.24438004327914545, -0.1696899013311355
-0.3298632100735294, -0.19237604949971904
-0.4398862992873036, -0.1752698507217998
-0.44216559775103376, -0.10333842776291804
-0.495235845796886, -0.04734651348799586
-0.4212418037187166, 0.02426072172626988
-0.3690675935395466, 0.016393985981598115
-0.348971004013059, 0.017680455511550716
-0.29650553973300403, 0.08970432075663302
-0.27037279433364303, 0.15735606446094083
-0.17281032419705558, 0.10983291475408939
-0.09244215971299527, 0.11925725769357014
-0.07233916216833318, 0.18787958044733039
-0.04674060577999322, 0.25397276797757645
0.023030481158738042, 0.3048930342757647
0.06875995749086015, 0.35434621299972
0.18455893672892415, 0.32485616483703195
0.25085164130270066, 0.29586444423770997
0.30188799504314673, 0.25808631514655894
0.2962542957741617, 0.2035139843692008
0.28827448889570645, 0.0833817612819937
0.30692796663928396, 0.018285009854930003
0.3085834056543863, -0.0356282633169716
0.3219258371777034, -0.10981564922424697
-0.09244215971299527, 0.11925725769357014
-0.07233916216833318, 0.18787958044733039
-0.04674060577999322, 0.25397276797757645
0.06875995749086015, 0.35434621299972
0.18455893672892415, 0.32485616483703195
0.25085164130270066, 0.29586444423770997
0.30188799504314673, 0.25808631514655894
0.3219258371777034, -0.10981564922424697
0.2569222518302091, -0.17975564575381267
0.1021830678504766, -0.21580411206359296
-0.495235845796886, -0.04734651348799586
-0.4212418037187166, 0.02426072172626988
-0.27037279433364303, 0.15735606446094083
-0.09244215971299527, 0.11925725769357014
0.1021830678504766, -0.21580411206359296
0.08264641805096155, -0.22035542378691209
-0.07942768875780666, -0.2302024996934802
-0.3298632100735294, -0.19237604949971904
-0.4398862992873036, -0.1752698507217998
