-0.2525292061628546, 0.1615716438407122
-0.19627079699792227, 0.22683266163561858
-0.10434902856590275, 0.22576699386144078
4.5241469514426974E-5, 0.18538643507339975
0.0784924436724577, 0.16499798729973827
0.13283008504918978, 0.20807699820427175
0.2711032141332976, 0.19575029939936645
0.3063445741783138, 0.11299302710015768
0.25384481376447915, 0.048677117185446754
0.23994907517606978, 0.007234935607695766
0.1934753086541402, -0.04884602022423765
0.17492107258134884, -0.14110924893092622
0.13150063262884537, -0.20892619443221344
0.06193592090655306, -0.2871975951640126
-0.011192601825413468, -0.33177442794411327
-0.03091347247219312, -0.3883709638950054
-0.08508210698535881, -0.3886065238326394
-0.13567421578210048, -0.2991155076902536
-0.17730523018538094, -0.21884094762277237
-0.19080967214761974, -0.12255267073810554
-0.1467148540418831, -0.039961436157497206
-0.17025437912346647, 0.021917249569839075
-0.2164134120508008, 0.07627276472307885
-0.2525292061628546, 0.1615716438407122
-0.19627079699792227, 0.22683266163561858
-0.10434902856590275, 0.22576699386144078
0.13283008504918978, 0.20807699820427175
0.2711032141332976, 0.19575029939936645
0.3063445741783138, 0.11299302710015768
0.17492107258134884, -0.14110924893092622
0.13150063262884537, -0.20892619443221344
0.06193592090655306, -0.2871975951640126
-0.03091347247219312, -0.3883709638950054
-0.08508210698535881, -0.3886065238326394
-0.13567421578210048, -0.2991155076902536
-0.17730523018538094, -0.21884094762277237
