0.32972577682334037, -0.2884268182778433
0.30358039089929767, -0.34207621958467826
0.2269338310326588, -0.3373815859410448
0.1683295489366605, -0.3117158371750909
0.10267668371140964, -0.321004454110538
0.07898182878211843, -0.22594312811010517
0.1552707396356134, -0.21597076724368203
0.2645800224185977, -0.21988477608105853
0.07898182878211843, -0.22594312811010517
0.1552707396356134, -0.21597076724368203
0.2645800224185977, -0.21988477608105853
0.32972577682334037, -0.2884268182778433
0.30358039089929767, -0.34207621958467826
0.2269338310326588, -0.3373815859410448
0.10267668371140964, -0.321004454110538
