0.2053744111105735, 0.6781224027256019
0.2822968023623472, 0.6273664433139872
0.3932454426854347, 0.6256673299667616
0.41494521368190784, 0.5446150574689489
0.48104526972391803, 0.5665555519024938
0.4583962756948723, 0.5051987094248375
0.5415632598996377, 0.46484961818855597
0.5794918349518668, 0.4647501630622083
0.6610757490772443, 0.42679582742860295
0.6169840486807847, 0.3253270100431074
0.6497129355156627, 0.276265157696757
0.6366675382194705, 0.16473431053069978
0.6334146318712341, 0.08187478440960365
0.6965750323619145, 0.06547540183127383
0.847408316283734, 0.13515006599691842
0.912185664962214, 0.140562857107077
0.9367861850269632, 0.20911476901160744
0.9347952632515804, 0.26433130418810713
0.9946644897017438, 0.3092542119120112
1.0333404895600682, 0.37585821937157027
1.0968055762083253, 0.37151055763003094
1.0920347709793725, 0.279382379084919
1.0773990692068778, 0.1998316206247032
1.1100036109149227, 0.13377048500737676
1.0944641904318981, 0.04544093456491277
1.0979234654210266, -0.11246661691195628
1.1035636672925975, -0.2093332266914032
1.0534434633152894, -0.2854295828404527
1.0971857126645372, -0.3332409070002035
1.0987194444829604, -0.4019907396907978
1.125161034694538, -0.5273734276104634
1.093949690993967, -0.5758325675129644
1.0191025036473857, -0.5701830825055626
0.9364552179106701, -0.5741464142654839
0.8398892135265108, -0.5743446829253623
0.8031215323333162, -0.5010875202357445
0.7393251417534493, -0.5352737296399438
0.6773269125515934, -0.5797663464828909
0.6147938537081317, -0.5808167066552002
0.5759225396203488, -0.5387020520371145
0.48466588237921965, -0.5722606077380037
0.4563640305187314, -0.5306478966203257
0.3387154311747702, -0.5995299736018449
0.2519924689353852, -0.6038162748064041
0.1711026068931889, -0.5938946981735763
0.09235836973079146, -0.5807727165130957
-0.003502393994445163, -0.5534771771113186
0.06894168736378334, -0.5073164800677791
0.09116104924728327, -0.43303851213481076
0.07715138297371513, -0.3544047803409137
0.0717978837818891, -0.3458242888845001
0.03516977180881759, -0.3152039993127074
-0.020818982038128438, -0.3958908815822638
-0.10278415779486383, -0.29631467066828726
-0.17051935834565135, -0.2727484514926037
-0.22141735717421585, -0.310137522524516
-0.2860501805278631, -0.3554637133653687
-0.3252354720295111, -0.4128217433905277
-0.41725148768885234, -0.3784981342653526
-0.48926661481975975, -0.36526233831917837
-0.5636238918932409, -0.333572592340282
-0.6700084269700177, -0.3798175448093814
-0.72468810542902, -0.37326728886636623
-0.7601515541438566, -0.37353644944928155
-0.8807597640299859, -0.3979295173421267
-0.9776897232859296, -0.42879461496524457
-1.0375001951089664, -0.3721581699000768
-1.0618895045530228, -0.3696209317243513
-1.142529874499043, -0.2990744475028111
-1.2171617948544837, -0.23639548491401838
-1.2800179146213682, -0.2208415967846741
-1.2561701193354171, -0.16701410968740937
-1.1207972656265437, -0.16557315660937477
-1.065895642446355, -0.06785325043754056
-0.9657767008633147, -0.05903534680318672
-0.9062046459636859, -0.005959643102506909
-0.8513739580331586, 0.04865421225655185
-0.8843658300840378, 0.11409326541045847
-0.9030901134179193, 0.20583348321250872
-0.9084104889634859, 0.26310904611290686
-0.8166488491365101, 0.2647001856052161
-0.7389237931173499, 0.2317282655479306
-0.658260814091989, 0.2654996251082915
-0.6367995816494433, 0.3560032930900079
-0.5799823832347092, 0.48085688013347155
-0.5228198639964747, 0.5621572658808212
-0.4899537120626279, 0.6140267419658194
-0.5075720327248274, 0.6664002269035012
-0.49494520339828657, 0.7683934462524281
-0.4263616023009868, 0.890995621565825
-0.30172366859700805, 0.8995296705994682
-0.3306935135013672, 0.8462068776583455
-0.3457611702465424, 0.7671414472863733
-0.27306204887019225, 0.717053380232937
-0.18511008983817967, 0.6372513291338734
-0.14824714759162264, 0.62117432835135
-0.10502968538830229, 0.698026753986094
0.01740923477095407, 0.6708650293605529
0.06903177248675792, 0.6382261391160313
0.12702758659028074, 0.7010531015405836
0.912185664962214, 0.140562857107077
0.9347952632515804, 0.26433130418810713
1.0333404895600682, 0.37585821937157027
1.0968055762083253, 0.37151055763003094
1.1100036109149227, 0.13377048500737676
1.097915391141361, -0.1120980455390782
0.3867709732005581, -0.5713939348927801
0.6334146318712341, 0.08187478440960365
0.847408316283734, 0.13515006599691842
0.912185664962214, 0.140562857107077
1.097915391141361, -0.1120980455390782
1.125161034694538, -0.5273734276104634
1.093949690993967, -0.5758325675129644
0.6147938537081317, -0.5808167066552002
-0.658260814091989, 0.2654996251082915
-0.6367995816494433, 0.3560032930900079
-0.60582233289938, 0.4460584081599921
-0.3457611702465424, 0.7671414472863733
-0.03329040370099415, 0.6821121852240509
-0.1504085671134498, -0.13281440498922376
-0.60582233289938, 0.4460584081599921
-0.49494520339828657, 0.7683934462524281
-0.4263616023009868, 0.890995621565825
-0.30172366859700805, 0.8995296705994682
-0.3457611702465424, 0.7671414472863733
-0.9084104889634859, 0.26310904611290686
-0.8166488491365101, 0.2647001856052161
-0.658260814091989, 0.2654996251082915
-0.1504085671134498, -0.13281440498922376
-0.17051935834565135, -0.2727484514926037
-0.3041797146217976, -0.39375876938428356
-0.8513739580331586, 0.04865421225655185
-0.8843658300840378, 0.11409326541045847
-0.9030901134179193, 0.20583348321250872
-1.2800179146213682, -0.2208415967846741
-1.2561701193354171, -0.16701410968740937
-0.8513739580331586, 0.04865421225655185
-0.3041797146217976, -0.39375876938428356
-0.3252354720295111, -0.4128217433905277
-0.9776897232859296, -0.42879461496524457
-0.17051935834565135, -0.2727484514926037
-0.03329040370099415, 0.6821121852240509
0.12702758659028074, 0.7010531015405836
0.3932454426854347, 0.6256673299667616
0.48104526972391803, 0.5665555519024938
0.6610757490772443, 0.42679582742860295
0.6497129355156627, 0.276265157696757
0.6334146318712341, 0.08187478440960365
0.5821236747041394, -0.05397617596347605
0.07715138297371513, -0.3544047803409137
-0.020818982038128438, -0.3958908815822638
-0.003502393994445163, -0.5534771771113186
0.07715138297371513, -0.3544047803409137
0.5821236747041394, -0.05397617596347605
0.3867709732005581, -0.5713939348927801
0.3387154311747702, -0.5995299736018449
0.2519924689353852, -0.6038162748064041
0.1711026068931889, -0.5938946981735763
0.09235836973079146, -0.5807727165130957
