-0.04547767188113763, 0.32543741316742625
0.022917215675571156, 0.361383908808399
0.08996640014700469, 0.39293146043570715
0.12242778636183019, 0.46036941546542925
0.20197296111859134, 0.4559430403406525
0.2439547712960196, 0.4165507431747883
0.30065970335663145, 0.33506056637924375
0.2968955785780327, 0.2772493979510966
0.2029207368914496, 0.2763663728190172
0.175054253021694, 0.18667330136452692
0.10332535046179359, 0.13707322593240673
0.09029843005937704, 0.11709920668773349
0.08855001419251901, 0.027100201509948185
0.12777357683797938, -0.05475745637676841
0.12304169570807234, -0.12214521275201443
0.06470556420591285, -0.18482793820573595
0.10303665064015298, -0.2593609111983969
0.11947811843519567, -0.32072971043580273
0.040382200333603055, -0.3789057418069489
-0.06551176922299637, -0.4316193631402018
-0.11630396921551275, -0.36925284333304703
-0.1420144493621165, -0.35745713294691767
-0.18475406779697087, -0.2972272840468999
-0.21133706083302012, -0.22238793725252481
-0.23802036297452342, -0.16129490887388218
-0.21682309895143673, -0.06747962003892445
-0.2526536500112838, 0.04292647007745275
-0.2468119638149523, 0.11271826754517153
-0.223602783840915, 0.1941828261041488
-0.15175882784233155, 0.25283844823891777
-0.11656819491225173, 0.3130473737504277
-0.2526536500112838, 0.04292647007745275
-0.2468119638149523, 0.11271826754517153
-0.223602783840915, 0.1941828261041488
-0.20918453494528128, 0.2059543293198684
0.09029843005937704, 0.11709920668773349
0.12777357683797938, -0.05475745637676841
0.11947811843519567, -0.32072971043580273
0.040382200333603055, -0.3789057418069489
-0.06551176922299637, -0.4316193631402018
-0.1420144493621165, -0.35745713294691767
-0.18475406779697087, -0.2972272840468999
-0.23802036297452342, -0.16129490887388218
-0.20918453494528128, 0.2059543293198684
-0.11656819491225173, 0.3130473737504277
0.12242778636183019, 0.46036941546542925
0.20197296111859134, 0.4559430403406525
0.2439547712960196, 0.4165507431747883
0.30065970335663145, 0.33506056637924375
0.2968955785780327, 0.2772493979510966
0.09029843005937704, 0.11709920668773349
