-0.03281521208188014, 0.007475689843450981
-0.033093754600993085, 0.14262283553400837
0.0314801379059253, 0.1597626135824941
0.08582743677445766, 0.11628223753598227
0.11395244616496497, 0.05976687979561558
0.08693483511257083, -0.016918759820789338
0.17242271371008883, -0.03680060528847438
0.07055754258541495, -0.1154143918167705
-0.00959216263293525, -0.14679225494071868
-0.03745595977439433, -0.09035931894540658
-0.03745595977439433, -0.09035931894540658
-0.033093754600993085, 0.14262283553400837
0.0314801379059253, 0.1597626135824941
0.08582743677445766, 0.11628223753598227
0.17242271371008883, -0.03680060528847438
0.07055754258541495, -0.1154143918167705
-0.00959216263293525, -0.14679225494071868
