0.00211705275268013, -0.027381180285102176
-0.06970950090162108, -0.06307948288664213
-0.13742748019525108, -0.06508735267904162
-0.16332397513541339, 0.0024516192002040516
-0.19624494212788357, 0.05061335618004206
-0.11695849336390747, 0.10648847488613938
-0.042128124706469934, 0.15312143740946382
-0.011451162823943338, 0.06691900096798088
0.0586926425043599, 0.02736180411772058
-0.19624494212788357, 0.05061335618004206
-0.11695849336390747, 0.10648847488613938
-0.042128124706469934, 0.15312143740946382
0.0586926425043599, 0.02736180411772058
0.00211705275268013, -0.027381180285102176
-0.06970950090162108, -0.06307948288664213
-0.13742748019525108, -0.06508735267904162
