-0.19906111775638516, 0.07233502652295465
-0.1373866156497437, 0.10286013595623429
-0.060035344722996944, 0.10329510665664074
0.06303334839854602, 0.07197431125685833
0.16206265834119188, 0.07372711705385898
0.24393957506838806, 0.0947726346357619
0.2855113236980626, -0.009850643672669085
0.2235876930321444, -0.08379237804814754
0.13922035611358322, -0.07583222828784263
0.04889195727176625, -0.07690187706494796
-0.01140467479423706, -0.014552114548025285
-0.04503340866941369, -0.03755769032754398
-0.06677536176884934, -0.05899083960185726
-0.18680850515869946, -0.09689515333760221
-0.2491574109604788, -0.10221688933682849
-0.23737301647136697, -0.042584173705821446
-0.26864076853431357, 0.0349000187534385
-0.26864076853431357, 0.0349000187534385
-0.19906111775638516, 0.07233502652295465
-0.1373866156497437, 0.10286013595623429
-0.060035344722996944, 0.10329510665664074
0.24393957506838806, 0.0947726346357619
0.2855113236980626, -0.009850643672669085
0.2235876930321444, -0.08379237804814754
-0.2491574109604788, -0.10221688933682849
