-0.040166561601574884, -0.17487029070718968
-0.09999294839273777, -0.11732436494403224
-0.1158430449407051, -0.06728871619356552
-0.12040232147605434, 0.008891890273514315
-0.16499439587826775, 0.09659993676672714
-0.08613023400897439, 0.08157166441248366
-0.0010870664427411448, 0.1282511679427936
0.060210554224195745, 0.11408468709127736
0.08107961027198109, 0.08964949903317043
0.12799003074660462, 0.05110600475792751
0.22483866976705508, 0.045205238921477396
0.24814226306093495, -0.00622105187037472
0.17514337993008086, -0.06619665178813373
0.12891711681598156, -0.11388447875585536
0.059260946862985546, -0.12016400093153229
0.026257380198489475, -0.18730202452813283
-0.16499439587826775, 0.09659993676672714
-0.0010870664427411448, 0.1282511679427936
0.060210554224195745, 0.11408468709127736
0.22483866976705508, 0.045205238921477396
0.24814226306093495, -0.00622105187037472
0.12891711681598156, -0.11388447875585536
0.026257380198489475, -0.18730202452813283
-0.040166561601574884, -0.17487029070718968
-0.09999294839273777, -0.11732436494403224
-0.1158430449407051, -0.06728871619356552
