0.32211504176075173, 0.1929102054693302
0.20771826512445055, 0.11817129464567735
0.18008506916725153, 0.07631401369480088
0.17897226067439542, 0.010400023924238808
0.05839097124188719, -0.06377612699619255
0.006685070196189705, -0.09615710176209248
-0.052075618623365044, -0.13067420674558558
-0.1159991370041086, -0.171680488227672
-0.17830491678642119, -0.20822091044713917
-0.24476851840951844, -0.15468204706423688
-0.23936833097005739, -0.07998234972351805
-0.14922654780054126, -0.005216645804733257
-0.10823312857147127, 0.028467656138828585
-0.04035196858503623, 0.039924641495401945
-0.025894000099491575, 0.09176483496592745
0.011340009025525007, 0.12515359954684344
0.08104808999035976, 0.1779632819636804
0.23310389572255258, 0.20645984001188789
-0.24476851840951844, -0.15468204706423688
-0.23936833097005739, -0.07998234972351805
-0.14922654780054126, -0.005216645804733257
-0.10823312857147127, 0.028467656138828585
0.011340009025525007, 0.12515359954684344
0.08104808999035976, 0.1779632819636804
0.23310389572255258, 0.20645984001188789
0.32211504176075173, 0.1929102054693302
0.17897226067439542, 0.010400023924238808
0.006685070196189705, -0.09615710176209248
-0.1159991370041086, -0.171680488227672
-0.17830491678642119, -0.20822091044713917
