0.4767065635333507, 0.034769436536424954
0.435337583482249, -0.0023429771905773347
0.3224872029711731, 0.01919614490290553
0.286516633825647, 0.07113095787451226
0.26624187545769323, 0.1608927021912676
0.3400730245098711, 0.16242013281801712
0.4312449884275656, 0.053700423997725566
0.458874848499617, 0.0612092673820889
0.26624187545769323, 0.1608927021912676
0.3400730245098711, 0.16242013281801712
0.458874848499617, 0.0612092673820889
0.4767065635333507, 0.034769436536424954
0.435337583482249, -0.0023429771905773347
0.3224872029711731, 0.01919614490290553
0.286516633825647, 0.07113095787451226
