-0.0790017997690575, 0.008268568512317623
-0.07580190616043783, 0.07903849848256306
-0.044912412368227864, 0.14123590225919996
0.006701502922283889, 0.15486800849740215
0.057201461361269884, 0.06943593870743117
0.08335950283467357, -0.006224279438164124
0.0725370854112971, -0.09805050743398894
0.10574381168211963, -0.15795927889178107
0.030394988595953472, -0.16938192762383067
-0.033778309825234935, -0.11081311752730977
-0.07134280164977999, -0.06833324958332064
-0.0790017997690575, 0.008268568512317623
-0.07580190616043783, 0.07903849848256306
-0.044912412368227864, 0.14123590225919996
0.006701502922283889, 0.15486800849740215
0.057201461361269884, 0.06943593870743117
0.08335950283467357, -0.006224279438164124
0.10574381168211963, -0.15795927889178107
0.030394988595953472, -0.16938192762383067
-0.033778309825234935, -0.11081311752730977
-0.07134280164977999, -0.06833324958332064
