-0.02761389011714202, -0.025145404685862127
-0.09171369478942523, -0.09013918292097409
-0.16339553826363862, -0.08389345861763764
-0.1997709596823879, -0.1275852540257744
-0.2598865317897552, -0.04913352671961075
-0.3025209156601149, -0.1128106175387685
-0.36478343024506654, -0.1604832531134194
-0.37697433737594466, -0.049901743641072256
-0.3757521787690428, 0.006528464095375018
-0.36012578147575686, 0.07195480940236768
-0.35332776286183926, 0.12925036031887316
-0.2989332272843603, 0.14165404991099764
-0.2003454673761833, 0.15087513062740565
-0.1789324195747465, 0.07290895728213626
-0.1375114135929542, 0.06921478338514142
-0.014683989381935995, 0.07309946968823058
-0.37697433737594466, -0.049901743641072256
-0.3757521787690428, 0.006528464095375018
-0.35332776286183926, 0.12925036031887316
-0.2989332272843603, 0.14165404991099764
-0.2003454673761833, 0.15087513062740565
-0.014683989381935995, 0.07309946968823058
-0.02761389011714202, -0.025145404685862127
-0.09171369478942523, -0.09013918292097409
-0.1997709596823879, -0.1275852540257744
-0.36478343024506654, -0.1604832531134194
