-0.13864691061037893, 0.05940287216775492
-0.1102840607282516, 0.08460261219892089
-0.02963753066720407, 0.07448226916103087
0.0158672617630851, 0.05044794209943645
0.09060288963411818, 0.0658780054674246
0.11782944206077983, 0.08182152107621797
0.1513117346582521, 0.17024926516248398
0.12409121524401114, 0.21509704287615633
0.19202084772475939, 0.2382505027191537
0.22387943290788404, 0.1993317491738907
0.2759837470868138, 0.13304460649622132
0.3385187602487391, 0.0747653296718127
0.2578965825473157, 0.031834389891000854
0.25481739488185273, -0.00632746922462281
0.26076823021530243, -0.07910774153648926
0.17869890958187573, -0.13443740389177633
0.10869701903578838, -0.13100675074954474
0.03619375250915451, -0.19897484086592232
-0.02273198727092206, -0.18219039466939277
-0.08303407115621923, -0.18150566507682836
-0.06242957038146033, -0.11685937029465666
-0.03809310947807744, -0.06316794563146579
-0.0796308563289845, 0.005027198388195664
0.09060288963411818, 0.0658780054674246
0.12409121524401114, 0.21509704287615633
0.19202084772475939, 0.2382505027191537
0.3385187602487391, 0.0747653296718127
0.26076823021530243, -0.07910774153648926
0.19573777261333014, -0.1229501083814444
-0.13864691061037893, 0.05940287216775492
-0.1102840607282516, 0.08460261219892089
0.09060288963411818, 0.0658780054674246
0.19573777261333014, -0.1229501083814444
0.17869890958187573, -0.13443740389177633
0.03619375250915451, -0.19897484086592232
-0.08303407115621923, -0.18150566507682836
