0.458874848499617, 0.0612092673820889
0.5266972382492978, 0.11277151454996585
0.5747756603832741, 0.13954170718085068
0.6400238854825064, 0.08158019071518655
0.6031931621399372, 0.0319915000473121
0.5456205064196884, 0.029093787947823496
0.4767065635333507, 0.034769436536424954
0.458874848499617, 0.0612092673820889
0.5266972382492978, 0.11277151454996585
0.5747756603832741, 0.13954170718085068
0.6400238854825064, 0.08158019071518655
0.6031931621399372, 0.0319915000473121
0.5456205064196884, 0.029093787947823496
0.4767065635333507, 0.034769436536424954
