0.06981945724551891, -0.29653277436764003
0.022485550388403344, -0.31938196960676324
-0.09020054959186277, -0.3820509488722765
-0.17739966675291535, -0.3591555572080819
-0.21577507947865068, -0.2897220829150902
-0.1620041031361823, -0.2358311444852331
-0.11913964555434331, -0.18711415549327348
-0.06409102877351815, -0.11683282508056944
-0.11076026718300916, -0.08562030146030783
-0.12415443099704608, -0.014188398624694419
-0.19937917441495703, 0.04427881948106399
-0.159223683074924, 0.13521587067627447
-0.2080520978196197, 0.17248775642107367
-0.1170951991487197, 0.16373810645753228
-0.09997389467543075, 0.25437933363435516
-0.14189188142226108, 0.30775539542507824
-0.15467948038150545, 0.39731022633819557
-0.06252104733099817, 0.39139387042718593
0.016832422489390046, 0.31856798509572615
0.0940548158630198, 0.30856279498376715
0.10067733374058817, 0.26710888474393213
0.09559325483350262, 0.19540959949362485
0.14012754037878541, 0.15321484953131137
0.1959445956139305, 0.12800269236347353
0.20109198105848206, 0.04445633713875136
0.14500645655947483, -0.03296508712244092
0.20247894624794152, -0.07843763975066098
0.15510572085418417, -0.18486082750884353
0.1373425767594739, -0.25326520940176106
-0.2080520978196197, 0.17248775642107367
-0.15467948038150545, 0.39731022633819557
-0.06252104733099817, 0.39139387042718593
0.0940548158630198, 0.30856279498376715
0.1959445956139305, 0.12800269236347353
0.20109198105848206, 0.04445633713875136
0.20247894624794152, -0.07843763975066098
0.1835458455967668, -0.1209705453887486
-0.06409102877351815, -0.11683282508056944
-0.11076026718300916, -0.08562030146030783
-0.19937917441495703, 0.04427881948106399
-0.21577507947865068, -0.2897220829150902
-0.06409102877351815, -0.11683282508056944
0.1835458455967668, -0.1209705453887486
0.1373425767594739, -0.25326520940176106
0.06981945724551891, -0.29653277436764003
-0.09020054959186277, -0.3820509488722765
-0.17739966675291535, -0.3591555572080819
