-0.2203270441895202, 0.061191194219328726
-0.19508606130749837, 0.111143746075667
-0.12120894901739304, 0.17045111238381627
-0.018532403724187855, 0.18836038502361227
0.057216782668624504, 0.22469990928902836
0.10080685366330949, 0.1871422753474186
0.1533711180837248, 0.07932776406719556
0.187374384675703, 0.039449462695037456
0.23201069447441336, -0.06932123555877376
0.2368877380597611, -0.12958363025241876
0.13586027446046492, -0.138641981852807
0.07866695306166586, -0.11789186980745221
-0.012239428374278386, -0.1356679709708752
-0.07190886848010318, -0.134852110682662
-0.17120815117179208, -0.10210035913964206
-0.20778522210585593, -0.015622511989083359
-0.2203270441895202, 0.061191194219328726
-0.19508606130749837, 0.111143746075667
-0.12120894901739304, 0.17045111238381627
0.057216782668624504, 0.22469990928902836
0.10080685366330949, 0.1871422753474186
0.187374384675703, 0.039449462695037456
0.23201069447441336, -0.06932123555877376
0.2368877380597611, -0.12958363025241876
0.13586027446046492, -0.138641981852807
-0.07190886848010318, -0.134852110682662
-0.17120815117179208, -0.10210035913964206
-0.20778522210585593, -0.015622511989083359
