0.2334416710114469, -0.0750583881350285
0.19578129580209835, -0.11655611802187807
0.1466196079472536, -0.14273617171181424
0.1194719701654389, -0.19612269898254545
0.06303772700781263, -0.1984220840237128
0.00496615262018558, -0.11887387967573687
-0.1065097489765629, -0.1402909000008012
-0.11916645910700306, -0.15761523462866386
-0.18723453821443825, -0.16948841176194873
-0.2596615011845846, -0.1318141577833343
-0.23579116908081652, -0.08676130319510364
-0.21380234824796576, -0.032870028420494815
-0.2038329135244855, 0.00443664450002006
-0.2049994831186581, 0.09204721167625542
-0.19065041050719136, 0.17938904813062848
-0.10250841889856303, 0.20662800266469036
-0.06231795652667507, 0.14594508795684633
0.06423341464782668, 0.12641092462654882
0.13928527618184453, 0.15169278438908365
0.21428056215934976, 0.11241203337478331
0.2141633808225761, 0.017426270169489284
0.23278197735155204, -0.009286648685264437
-0.2596615011845846, -0.1318141577833343
-0.19065041050719136, 0.17938904813062848
-0.10250841889856303, 0.20662800266469036
0.13928527618184453, 0.15169278438908365
0.21428056215934976, 0.11241203337478331
0.23278197735155204, -0.009286648685264437
0.2334416710114469, -0.0750583881350285
0.19578129580209835, -0.11655611802187807
0.1194719701654389, -0.19612269898254545
0.06303772700781263, -0.1984220840237128
-0.18723453821443825, -0.16948841176194873
