0.11012615973174232, -0.23251221509132589
0.013555710069030134, -0.22749305405067222
0.014741391593582103, -0.1679029624209939
0.025078774549653293, -0.0960864565272558
0.002915942348913344, -0.040078815627246044
-0.057180266125615206, 0.018218915080481294
-0.16024288013261306, 0.08363967190004298
-0.12237803112947461, 0.12551402442300372
-0.06041086012365543, 0.19046753788888665
-0.0477536575448296, 0.2595827629464853
-0.13497046166799162, 0.29251550516434977
-0.08175981591510811, 0.40473315462082177
-0.038702280352086366, 0.4864187730048954
0.04396705406853256, 0.4314111489197459
0.04662492748371469, 0.3597787963608535
0.07382353621551696, 0.33253475487053624
0.14889682147470087, 0.26836682584613525
0.13612033167368698, 0.18650040165759907
0.14843264225519365, 0.09317553699192493
0.2065366009063393, 0.03151479690438251
0.18075416087655324, -0.0994012223587454
0.20347315125664575, -0.14688967890701018
0.19154927529832105, -0.24394290649929867
-0.16024288013261306, 0.08363967190004298
-0.13497046166799162, 0.29251550516434977
-0.08175981591510811, 0.40473315462082177
-0.038702280352086366, 0.4864187730048954
0.04396705406853256, 0.4314111489197459
0.14889682147470087, 0.26836682584613525
0.2065366009063393, 0.03151479690438251
0.20347315125664575, -0.14688967890701018
0.19154927529832105, -0.24394290649929867
0.013555710069030134, -0.22749305405067222
