-0.03813154984390464, 0.043160081478124966
0.015363137131232019, 0.07055277486309008
0.08480487592033391, 0.06364107227728814
0.218982685825216, 0.045445896932097274
0.21747839940832617, -0.011828485620615552
0.14193420040619287, -0.07919577095950403
0.03106671951705844, -0.08170185088374587
-0.06582472922684653, -0.04959823181190473
-0.06582472922684653, -0.04959823181190473
-0.03813154984390464, 0.043160081478124966
0.015363137131232019, 0.07055277486309008
0.08480487592033391, 0.06364107227728814
0.218982685825216, 0.045445896932097274
0.21747839940832617, -0.011828485620615552
0.14193420040619287, -0.07919577095950403
0.03106671951705844, -0.08170185088374587
