0.04380090813186549, -0.10997391548991721
-0.053826744775855535, -0.11472657725797232
-0.10747082528847961, -0.07536829820558909
-0.12287515799934928, -0.007780360492805138
-0.041225663745255145, 0.10445891738922322
0.037538740770034995, 0.13164849038984988
0.12025286542002124, 0.0727595963298828
0.08854867976154714, -0.00890086948925007
0.1236187049531295, -0.11469890181985276
-0.12287515799934928, -0.007780360492805138
-0.041225663745255145, 0.10445891738922322
0.037538740770034995, 0.13164849038984988
0.12025286542002124, 0.0727595963298828
0.1236187049531295, -0.11469890181985276
-0.053826744775855535, -0.11472657725797232
-0.10747082528847961, -0.07536829820558909
