0.07792278880549253, 0.10934650701901193
0.10101838175948322, 0.033286781848755616
0.17088836634174723, -0.02153104077080381
0.1833844677832314, -0.08679381670900434
0.10705572241697468, -0.1418800915465762
0.02018057205533079, -0.12627144420165998
-0.09252272865630899, -0.1454338731463391
-0.14937579531817974, -0.11284098611023169
-0.12620341783884514, -0.03701359603418717
-0.034988933000588134, -0.01367590731999254
9.11447438363318E-4, 0.07838199805641856
-0.14937579531817974, -0.11284098611023169
-0.12620341783884514, -0.03701359603418717
9.11447438363318E-4, 0.07838199805641856
0.07792278880549253, 0.10934650701901193
0.17088836634174723, -0.02153104077080381
0.1833844677832314, -0.08679381670900434
0.10705572241697468, -0.1418800915465762
-0.09252272865630899, -0.1454338731463391
