-0.8085592081712266, -0.26837473810900647
-0.787655079040478, -0.3575305810933006
-0.7835046711977586, -0.4277991553213255
-0.9533566813242339, -0.4148364998749147
-1.0371265519606063, -0.42659570967388205
-1.0580867639995855, -0.3569508476930003
-1.0779931616071803, -0.2688657042082493
-0.9685177630526765, -0.258933972012793
-0.9098549426375242, -0.2857731537202719
-0.8436108575175779, -0.2611637749089365
-1.0779931616071803, -0.2688657042082493
-0.9685177630526765, -0.258933972012793
-0.8436108575175779, -0.2611637749089365
-0.8085592081712266, -0.26837473810900647
-0.787655079040478, -0.3575305810933006
-0.7835046711977586, -0.4277991553213255
-1.0371265519606063, -0.42659570967388205
-1.0580867639995855, -0.3569508476930003
