-0.1154358324801147, -0.2549824879119624
-0.05958253660621852, -0.3455660235773478
-0.08755652754019969, -0.4473033618654492
-0.16345068251324937, -0.47116526934920233
-0.26566448152310135, -0.38772843756271996
-0.3073354710612269, -0.3586564507582258
-0.38378096119589256, -0.3576975260283206
-0.4471266115177069, -0.3077141146810429
-0.5046898068679735, -0.3090041514682265
-0.5214724023852009, -0.43687223297424993
-0.5663349593323171, -0.4085026523130011
-0.6114462385892798, -0.34513786870346846
-0.6047224710966489, -0.24623859015923139
-0.6135928794597612, -0.15738102818601063
-0.625112707195352, -0.08015201084626383
-0.5973614199566118, -0.0071059116776316465
-0.5591982065599684, 0.08500005461120834
-0.5508390761385619, 0.10737254802693534
-0.5133995933227947, 0.1961780356386142
-0.5471710332514054, 0.3738338723690392
-0.5496374517477717, 0.45135061004911875
-0.5438909163431884, 0.5329560628845215
-0.5566951166794152, 0.6000531331108294
-0.538408212763165, 0.7379058078154922
-0.5712680302123674, 0.8356685881247586
-0.5588508422623959, 0.9216139485736226
-0.503844080289282, 0.9171570663814209
-0.46737928730016487, 0.9708274261971961
-0.4342300454844428, 1.0818242044236102
-0.41184139924062974, 1.0002179271178284
-0.43659438496994823, 0.9159055601519716
-0.4439512387302532, 0.870850844622157
-0.4328443587876203, 0.7963847730619664
-0.38890878210826885, 0.7351104109847202
-0.40403145208079666, 0.65804394624965
-0.43434758501465615, 0.5923714345709105
-0.4054200120814565, 0.5213327553707632
-0.39193486628805435, 0.5078616056370865
-0.37232739708313034, 0.45991477665691943
-0.3928280292344006, 0.39488977486323606
-0.445586771594012, 0.29667568141144535
-0.44065604634716904, 0.25788097995590087
-0.38303691432582326, 0.1931880714538068
-0.2611897696268888, 0.1657848480973551
-0.17858412539954988, 0.21182250511835807
-0.08029650954462765, 0.22436264542405204
0.05874363507482365, 0.2473885035855384
0.14036601724552303, 0.22140998678516347
0.19440305610986391, 0.2426254081849908
0.26024771349596604, 0.3248772364485797
0.33459234470627314, 0.2957018610665901
0.42062101239023664, 0.26904468262370207
0.497467689464344, 0.30846872728242053
0.5545898132054313, 0.23834211409290806
0.6227387142872964, 0.19954542395765013
0.7166062465615973, 0.17968815971812416
0.7121157690770454, 0.09412068035720575
0.7044159549597797, 0.03167890844988127
0.7077407383327067, -0.022642606275845443
0.6652079877926137, -0.06464807648470462
0.6504341377079389, -0.13723396625119555
0.6866911979798823, -0.21648650620054594
0.7057379752655155, -0.2421512331542661
0.6493512552835715, -0.253766336715316
0.5891486409878606, -0.27600250550737637
0.6179843328841762, -0.36175503383968266
0.5573074364771713, -0.42226876043985706
0.45645668973946807, -0.5112849409341211
0.40891367570571285, -0.4947877728054291
0.3371339766578193, -0.48512084712723774
0.187401220689266, -0.5013346303352192
0.20899926994933368, -0.43045489711219687
0.22290656429962744, -0.3397249832677481
0.2104783199642995, -0.3229216050325767
0.1536762127558541, -0.2704705118247256
0.1388674434589524, -0.26438554227244115
0.0706412597341181, -0.24020065481516473
-0.010288184770564883, -0.24218236980012509
-0.625112707195352, -0.08015201084626383
-0.5973614199566118, -0.0071059116776316465
-0.5595159392720375, 0.08423321461368166
-0.4198060739639038, -0.022485774562898284
-0.4471266115177069, -0.3077141146810429
-0.5214724023852009, -0.43687223297424993
-0.5663349593323171, -0.4085026523130011
-0.6114462385892798, -0.34513786870346846
-0.4471266115177069, -0.3077141146810429
-0.4198060739639038, -0.022485774562898284
-0.1154358324801147, -0.2549824879119624
-0.05958253660621852, -0.3455660235773478
-0.08755652754019969, -0.4473033618654492
-0.16345068251324937, -0.47116526934920233
-0.38378096119589256, -0.3576975260283206
-0.5610254482673354, 0.18075207763637932
-0.44065604634716904, 0.25788097995590087
0.05874363507482365, 0.2473885035855384
0.11113465212315213, 0.23071365435444952
0.0706412597341181, -0.24020065481516473
-0.1154358324801147, -0.2549824879119624
-0.5595159392720375, 0.08423321461368166
-0.5712680302123674, 0.8356685881247586
-0.5588508422623959, 0.9216139485736226
-0.4342300454844428, 1.0818242044236102
-0.41184139924062974, 1.0002179271178284
-0.38890878210826885, 0.7351104109847202
-0.37232739708313034, 0.45991477665691943
-0.3928280292344006, 0.39488977486323606
-0.44065604634716904, 0.25788097995590087
-0.5610254482673354, 0.18075207763637932
0.0706412597341181, -0.24020065481516473
0.11113465212315213, 0.23071365435444952
0.26024771349596604, 0.3248772364485797
0.497467689464344, 0.30846872728242053
0.7166062465615973, 0.17968815971812416
0.7057379752655155, -0.2421512331542661
0.6179843328841762, -0.36175503383968266
0.5573074364771713, -0.42226876043985706
0.45645668973946807, -0.5112849409341211
0.187401220689266, -0.5013346303352192
