-0.8133432297219716, -0.6724088129252456
-0.897888752402155, -0.7183984197882487
-0.8863848247819732, -0.5665503984994766
-0.8209584692575679, -0.6091056282785517
-0.7841192143929945, -0.5750872850984315
-0.7581486513585619, -0.5263088324852004
-0.8095673838964895, -0.44653963700848365
-0.8201011908699413, -0.39027259914126367
-0.865404216012054, -0.3245681648588127
-0.9444004972326351, -0.27117604139389845
-0.9075418891501031, -0.17629746777801758
-0.8977306837210017, -0.09274637280594693
-0.9776783923693081, -0.016504575892966247
-0.9698867148908006, 0.052304160880189667
-0.8839768253135186, 0.05474228906830589
-0.8622198531364365, 0.05887048820822398
-0.7705604972036504, 0.08982653808342728
-0.7748646127116894, 0.17994076685335234
-0.8299638817809554, 0.21453300175344467
-0.8746552974968581, 0.258601984365272
-0.8700732526331146, 0.33977282129383557
-0.9882607993399862, 0.37280594417165275
-0.9854545082401879, 0.4612144057216702
-0.9348838791912506, 0.4768601950085221
-0.8059060955786861, 0.45836151557938826
-0.8255903754937004, 0.3811139619872372
-0.727522073064064, 0.37107795738477595
-0.6645102859113098, 0.35307485760213025
-0.5868186250285927, 0.354697326867092
-0.5023673674494961, 0.3996634644675804
-0.4283752805098919, 0.4102953677244011
-0.39363834175278545, 0.3574850378429154
-0.36168472502712556, 0.27177338469962486
-0.28753517469395323, 0.3107936024912872
-0.2681508716099111, 0.34325203386699227
-0.1571472181204654, 0.3722572159185577
-0.08075427550165082, 0.3250975256085276
-0.05040938772182007, 0.2840686650558128
0.006269235473196975, 0.2511363508166267
-0.017513034473204677, 0.16921932458836175
0.02111465501002087, 0.1111852223187447
0.02363263484536127, 0.028168885848592132
0.06810205990122009, -0.05407532374035731
0.13098795395925375, -0.08294146899038102
0.12656154895363772, -0.1653823006328385
0.21565278433287247, -0.16478740598379898
0.27574526171500124, -0.17886076710229493
0.3286962948242756, -0.22143152016652823
0.36379781019760055, -0.23132591014963327
0.4482213887589354, -0.24733329172991314
0.4573225811536208, -0.3368065601729809
0.35193037646297937, -0.3599296224582169
0.26345050333436726, -0.32316010382058874
0.20078253823275763, -0.3631209617151026
0.16183386370607894, -0.3099415283488525
0.09068827980566992, -0.29556991179262104
0.0454205909045093, -0.342674200891346
-0.013041076487626634, -0.2902954752391374
-0.07110110717796822, -0.300594599696417
-0.10678504945324958, -0.3329319976392764
-0.14750483367595, -0.39698815695491224
-0.1523809833616531, -0.48688855793182456
-0.1883817312401355, -0.5699416633786994
-0.2572660537957503, -0.5508983635956588
-0.2930912958213695, -0.46513343782144667
-0.33120280611912667, -0.42148537802605035
-0.30916492937063444, -0.3501737770329669
-0.30392034003422996, -0.26552725594914967
-0.3520763492121273, -0.25719901198496165
-0.38591637005434143, -0.27541803659271874
-0.41552740652732234, -0.29153018127200653
-0.4405009703773184, -0.3145138196806068
-0.4657801199474422, -0.39587838591310004
-0.5243105251816218, -0.3864069420443672
-0.5929092073377645, -0.4042590597745199
-0.6343188340014172, -0.4904736535977496
-0.5984011627319552, -0.5678557015698203
-0.5354059515280549, -0.560806082336761
-0.46339866095805476, -0.5952151294179241
-0.5465996609476459, -0.6674927481842583
-0.6010766536161984, -0.7073573551557563
-0.6947939134606864, -0.6572832360315431
-0.7285654114151054, -0.7262158181177475
-0.3857346834326349, 0.10028703982756543
-0.36168472502712556, 0.27177338469962486
-0.2681508716099111, 0.34325203386699227
-0.1571472181204654, 0.3722572159185577
-0.08075427550165082, 0.3250975256085276
0.006269235473196975, 0.2511363508166267
0.021009415435127632, 0.11134333387897191
-0.9882607993399862, 0.37280594417165275
-0.9854545082401879, 0.4612144057216702
-0.9348838791912506, 0.4768601950085221
-0.4283752805098919, 0.4102953677244011
-0.39363834175278545, 0.3574850378429154
-0.36168472502712556, 0.27177338469962486
-0.3857346834326349, 0.10028703982756543
-0.7705604972036504, 0.08982653808342728
0.006778728666714846, -0.308053027888057
0.12656154895363772, -0.1653823006328385
0.21565278433287247, -0.16478740598379898
0.27574526171500124, -0.17886076710229493
0.4482213887589354, -0.24733329172991314
0.4573225811536208, -0.3368065601729809
0.35193037646297937, -0.3599296224582169
0.20078253823275763, -0.3631209617151026
0.0454205909045093, -0.342674200891346
-0.9776783923693081, -0.016504575892966247
-0.9698867148908006, 0.052304160880189667
-0.7705604972036504, 0.08982653808342728
-0.3245727001805202, 0.10194957131477067
-0.3520763492121273, -0.25719901198496165
-0.4657801199474422, -0.39587838591310004
-0.6247255887495008, -0.5111416127959504
-0.7581486513585619, -0.5263088324852004
-0.9444004972326351, -0.27117604139389845
-0.3520763492121273, -0.25719901198496165
-0.3245727001805202, 0.10194957131477067
0.021009415435127632, 0.11134333387897191
0.02111465501002087, 0.1111852223187447
0.13098795395925375, -0.08294146899038102
0.12656154895363772, -0.1653823006328385
-0.1883817312401355, -0.5699416633786994
-0.2572660537957503, -0.5508983635956588
-0.33120280611912667, -0.42148537802605035
-0.897888752402155, -0.7183984197882487
-0.8863848247819732, -0.5665503984994766
-0.7581486513585619, -0.5263088324852004
-0.6247255887495008, -0.5111416127959504
-0.46339866095805476, -0.5952151294179241
-0.5465996609476459, -0.6674927481842583
-0.6010766536161984, -0.7073573551557563
-0.7285654114151054, -0.7262158181177475
