-0.1483417374323663, -0.20688868984264303
-0.21337771687571475, -0.18587790828693207
-0.22109594189800533, -0.12558684494197458
-0.18748637523865858, -0.05032953810919937
-0.14246664837000114, 0.06276876136294701
-0.05845767152464359, 0.10425643909641098
-0.010889450419937064, 0.16010109103018755
0.005523511193358399, 0.2206721840110408
0.08766039492698406, 0.22393607375848945
0.1490454456097157, 0.17044340302360242
0.24502401714858932, 0.13110542591816776
0.2250653457250312, 0.05618010658029376
0.1393659081595505, 0.031687189948936226
0.1073035991197049, -0.04336115302407255
0.08164518645111213, -0.11679362993101701
-0.025325284347360096, -0.14240631701177558
-0.06314465361911639, -0.22924285175501447
-0.22109594189800533, -0.12558684494197458
-0.14246664837000114, 0.06276876136294701
0.005523511193358399, 0.2206721840110408
0.08766039492698406, 0.22393607375848945
0.24502401714858932, 0.13110542591816776
0.2250653457250312, 0.05618010658029376
0.08164518645111213, -0.11679362993101701
-0.06314465361911639, -0.22924285175501447
-0.1483417374323663, -0.20688868984264303
-0.21337771687571475, -0.18587790828693207
