0.2858962754319574, -0.20397624130137004
0.34924773434864387, -0.23210526939122608
0.34258772642461516, -0.3056103890197287
0.35753871715196467, -0.4119081381842742
0.35001292871588374, -0.4862446307478049
0.372534750353624, -0.5807848999188776
0.37030123686217575, -0.6624653256936937
0.35478542323984014, -0.7209976906073525
0.33443494775457633, -0.7865844571447864
0.36759701464264855, -0.8756390003929746
0.2605767060336118, -0.9739030186910085
0.2518734462929819, -1.0687312533523132
0.2713563983301073, -1.1211409558003165
0.158846836394311, -1.111075497917553
0.06781746968788524, -1.1318373910780533
-0.018352344961216575, -1.1049923388036187
-0.050264690659908254, -1.0978525443921858
-0.14532412352659396, -1.125171112341725
-0.21426988606939185, -1.1341857256912968
-0.26291569021314204, -1.1422291306710364
-0.27179068613487456, -1.2369568597005645
-0.22821443064492802, -1.2926815017942992
-0.20301881977592598, -1.3397542549296215
-0.38673093305383094, -1.3446863579624735
-0.4694548592590163, -1.3971883880984266
-0.5641500093949212, -1.4102047623083662
-0.5944071387011922, -1.3674125243182382
-0.5984942335649313, -1.3030348420760942
-0.6055300227287926, -1.1992747208773726
-0.6097644499276317, -1.1250626446595091
-0.6146231992155822, -1.0466275213396623
-0.6107396954850532, -0.983663703866211
-0.6125969487859697, -0.9338131980471766
-0.6117854919772009, -0.8478800073953732
-0.6101293082975644, -0.7534539210307991
-0.6083356704113866, -0.5956571468898434
-0.6088050486000438, -0.5256675897415272
-0.6100370401597495, -0.5102525251836908
-0.6158667072469012, -0.4348637008106256
-0.6156435922118204, -0.36284089590111884
-0.6170326410585727, -0.30878335909387705
-0.6164607598353287, -0.22793900884590926
-0.6165133076680472, -0.17210432115549756
-0.6120113848624124, -0.11045004243826247
-0.5510517188792255, -0.02382408216222324
-0.5119474401305438, 0.03416611713744033
-0.5560036215882266, 0.09027380665032347
-0.6043638558671108, 0.1564438872721866
-0.6142491346952531, 0.25068507669804757
-0.6160121118190371, 0.34637840466654796
-0.6174442683581592, 0.47016352835371567
-0.618641806072177, 0.5519560275609326
-0.6138091091880619, 0.6362580497305873
-0.6237763729467534, 0.7239572254040755
-0.5867318416685267, 0.8181182468527829
-0.5360970976344581, 0.8229832646381567
-0.4732142407770643, 0.8273974820052905
-0.4069207387531651, 0.8168882954567163
-0.3264347937543892, 0.8107799817930847
-0.2186073366386237, 0.8088793242537141
-0.18361545869478055, 0.8106079841388099
-0.12077611991946519, 0.8359437061820265
-0.04826218620849423, 0.8289821335414841
0.02579413101104309, 0.8440638332563798
0.07679076896948643, 0.8303732302478809
0.13688118977425198, 0.824799677863438
0.21506610157022452, 0.8132807149731127
0.30006366547451324, 0.8117406354574787
0.37711168244726334, 0.8288860066205873
0.43990367069847025, 0.817978705518262
0.5326806008371108, 0.802463859697378
0.6158691922045709, 0.8036576311122885
0.6864687985423329, 0.8257740979719175
0.7569861225448485, 0.8260590327942643
0.8780416037930204, 0.8222793269116513
0.9327995314164409, 0.8329799621600773
1.0770665933282755, 0.7302743042057046
1.1338520688025713, 0.6862567870796085
1.1961022954478364, 0.6870599594917126
1.2794442265790604, 0.6597756677024211
1.3436669279482756, 0.6607305023424741
1.3719645059095111, 0.7004488554267598
1.3892259926893735, 0.7544091365904824
1.4216059973296749, 0.8140094505345818
1.4594246134103568, 0.7763866892980218
1.4690443980695314, 0.6664810838752396
1.5157333426969848, 0.5878644508787282
1.5177931191813003, 0.4720893421310838
1.4551315168776602, 0.3933210463531768
1.312900248495127, 0.4260167654685774
1.2318512444790153, 0.37450699225219214
1.2430273747480074, 0.28134362319976414
1.2075106771215183, 0.19449122008035846
1.1686037256710027, 0.15282173658111245
1.0399700739846183, 0.1396019875652002
0.9132229943670667, 0.1118849447921743
0.8912464019344092, 0.15897926812253396
0.8148087137024665, 0.17128208567855893
0.732786201858848, 0.1699294851123164
0.6756708405105945, 0.16708460482628118
0.6038849654541176, 0.171790123308152
0.5413380118228996, 0.17974573516454517
0.460609792820052, 0.1415507537675543
0.40262892578040127, 0.15258438962717474
0.3589337651437332, 0.08594527980474446
0.3129836065450994, 0.03566063848840851
0.3434540033331155, -0.12349229345048687
-0.6158667072469012, -0.4348637008106256
-0.6156866536683363, -0.3767413794818838
-0.26291569021314204, -1.1422291306710364
-0.20301881977592598, -1.3397542549296215
-0.4694548592590163, -1.3971883880984266
-0.5641500093949212, -1.4102047623083662
-0.5944071387011922, -1.3674125243182382
-0.6055300227287926, -1.1992747208773726
-0.6146231992155822, -1.0466275213396623
-0.6170326410585727, -0.30878335909387705
-0.6165122474229706, -0.17323088432015507
0.2858962754319574, -0.20397624130137004
0.34924773434864387, -0.23210526939122608
0.372534750353624, -0.5807848999188776
0.36759701464264855, -0.8756390003929746
0.2713563983301073, -1.1211409558003165
0.06781746968788524, -1.1318373910780533
-0.26291569021314204, -1.1422291306710364
-0.6156866536683363, -0.3767413794818838
-0.6237763729467534, 0.7239572254040755
-0.5867318416685267, 0.8181182468527829
-0.5360970976344581, 0.8229832646381567
-0.4732142407770643, 0.8273974820052905
-0.45656173510585624, 0.8247576412477933
0.40262892578040127, 0.15258438962717474
0.3589337651437332, 0.08594527980474446
0.3177565869963686, 0.04088385462784297
-0.5119474401305438, 0.03416611713744033
-0.5560036215882266, 0.09027380665032347
-0.6043638558671108, 0.1564438872721866
-0.6142491346952531, 0.25068507669804757
-0.6165133076680472, -0.17210432115549756
-0.6120113848624124, -0.11045004243826247
-0.5119474401305438, 0.03416611713744033
0.3177565869963686, 0.04088385462784297
0.3434540033331155, -0.12349229345048687
0.2858962754319574, -0.20397624130137004
-0.6165122474229706, -0.17323088432015507
1.2692965841199115, 0.39830495221885204
1.2794442265790604, 0.6597756677024211
1.4216059973296749, 0.8140094505345818
1.4594246134103568, 0.7763866892980218
1.5157333426969848, 0.5878644508787282
1.5177931191813003, 0.4720893421310838
1.4551315168776602, 0.3933210463531768
-0.45656173510585624, 0.8247576412477933
0.02579413101104309, 0.8440638332563798
0.9327995314164409, 0.8329799621600773
1.2794442265790604, 0.6597756677024211
1.2692965841199115, 0.39830495221885204
1.2430273747480074, 0.28134362319976414
1.2075106771215183, 0.19449122008035846
1.1686037256710027, 0.15282173658111245
0.9132229943670667, 0.1118849447921743
0.460609792820052, 0.1415507537675543
0.40262892578040127, 0.15258438962717474
