-0.13027604350211028, 0.008351107276002783
-0.051150101682206545, 0.0255832170725864
0.00785603141820655, 0.08808986856012913
0.08415859615125348, 0.05310204647601135
0.14422127786739883, 0.06462643744097349
0.14479543776548695, -0.019079577465970606
0.039321373960198504, -0.0691440893144286
0.005970913403331529, -0.11285689429238921
-0.06871352397219066, -0.051685544595782826
-0.13027604350211028, 0.008351107276002783
0.00785603141820655, 0.08808986856012913
0.14422127786739883, 0.06462643744097349
0.14479543776548695, -0.019079577465970606
0.005970913403331529, -0.11285689429238921
-0.06871352397219066, -0.051685544595782826
