0.01997141336569366, -0.06599630599908572
0.05891793243992671, -0.08169123546645038
0.07082727792244671, -0.17274414743108124
0.056570394960786474, -0.2337130289939034
0.00814361061273359, -0.24711324087831585
-0.04559740076841765, -0.2770683303115838
-0.03981740882859139, -0.19986680786905656
-0.059310131571518564, -0.10807996685382192
-0.059310131571518564, -0.10807996685382192
0.01997141336569366, -0.06599630599908572
0.05891793243992671, -0.08169123546645038
0.07082727792244671, -0.17274414743108124
0.056570394960786474, -0.2337130289939034
-0.04559740076841765, -0.2770683303115838
