-0.3435788456037413, 0.09510157657001946
-0.2918868178410286, 0.15842740234252123
-0.21202025002819982, 0.14985477497668623
-0.1624211208543514, 0.12078905149516207
-0.10917638412952903, 0.154544288509032
-0.017754235749407363, 0.1666577064680904
0.09451050931241094, 0.13777735733766489
0.217059889763096, 0.15708247982813092
0.3063102690790746, 0.1583360933457649
0.32698740415061267, 0.06236421436723093
0.32665070425182363, -0.03677677470936127
0.3355825985867335, -0.102803808234773
0.27412131396645395, -0.14688824060607086
0.19438137144311882, -0.1841417850532139
0.08823180838665545, -0.17416388037174368
-3.626993690292251E-4, -0.18664760051549056
-0.0694331859212107, -0.21586879422842925
-0.16370851375823942, -0.20146655402911914
-0.23700956497902026, -0.18045408791660808
-0.3023259228113989, -0.1501225982211514
-0.33294833306914035, -0.04296124019258149
-0.33520535664503087, 0.02401508759977421
-0.3435788456037413, 0.09510157657001946
-0.2918868178410286, 0.15842740234252123
-0.017754235749407363, 0.1666577064680904
0.3063102690790746, 0.1583360933457649
0.32698740415061267, 0.06236421436723093
0.3355825985867335, -0.102803808234773
0.27412131396645395, -0.14688824060607086
0.19438137144311882, -0.1841417850532139
-0.0694331859212107, -0.21586879422842925
-0.16370851375823942, -0.20146655402911914
-0.23700956497902026, -0.18045408791660808
-0.3023259228113989, -0.1501225982211514
-0.33294833306914035, -0.04296124019258149
