0.12131494232153993, 0.09152820253082519
0.17854457409766647, -8.498226146266672E-4
0.185510500556512, -0.07678783706185341
0.14645865576724715, -0.11417155527231158
0.07231218180480355, -0.1235197887301314
0.016425429944113175, -0.1724915570235665
-0.0785086366053553, -0.15955602126425936
-0.1549493859615662, -0.16180551682160424
-0.24355539319256003, -0.07965373580265916
-0.24788854784941466, -0.007186077751506236
-0.23027269158521782, 0.04381468310830434
-0.14499005619554514, 0.008311664081475892
-0.11171753621956305, 0.009017212103960365
-0.03736773205371892, 0.04045373605589643
-0.019925414915517147, 0.09131915055449974
0.05698207419492401, 0.14026680512677625
-0.24788854784941466, -0.007186077751506236
-0.23027269158521782, 0.04381468310830434
0.05698207419492401, 0.14026680512677625
0.12131494232153993, 0.09152820253082519
0.17854457409766647, -8.498226146266672E-4
0.185510500556512, -0.07678783706185341
0.14645865576724715, -0.11417155527231158
0.016425429944113175, -0.1724915570235665
-0.1549493859615662, -0.16180551682160424
-0.24355539319256003, -0.07965373580265916
