-0.26890610717349556, -0.123481820230796
-0.19931828521950237, -0.07973701451494405
-0.18801562036798702, 0.004735292129727954
-0.14932305980053814, 0.07515677444815357
-0.11448811429063292, 0.13367189119301792
-0.08294451435417231, 0.18174658824542278
-0.028308251893936293, 0.21360876064760234
0.04199772838696199, 0.2340225074337191
0.09093546305548668, 0.19314937441954946
0.13846512129579858, 0.1507553818373906
0.239331981278052, 0.0532064800620492
0.17803630958763936, -0.03820114199934436
0.1213409367954817, -0.08250631360324445
0.0512772440903306, -0.11733305139005545
0.02300856658217297, -0.17261731317009602
-0.05362232954034085, -0.22020025572165244
-0.0653406420097442, -0.24647890380527424
-0.07153868396155869, -0.2690654300590779
-0.15440235422821144, -0.3214788472624229
-0.23036262829830953, -0.2712880978456687
-0.27569868696769156, -0.20485519185170156
-0.27569868696769156, -0.20485519185170156
-0.26890610717349556, -0.123481820230796
-0.11448811429063292, 0.13367189119301792
-0.08294451435417231, 0.18174658824542278
-0.028308251893936293, 0.21360876064760234
0.04199772838696199, 0.2340225074337191
0.09093546305548668, 0.19314937441954946
0.13846512129579858, 0.1507553818373906
0.239331981278052, 0.0532064800620492
0.17803630958763936, -0.03820114199934436
-0.07153868396155869, -0.2690654300590779
-0.15440235422821144, -0.3214788472624229
-0.23036262829830953, -0.2712880978456687
