0.3119942631527521, 0.7527163840553215
0.3508077557164008, 0.7190417848577659
0.37140373559678297, 0.6284242468228792
0.41724671272900093, 0.5692038934161451
0.39368335863637544, 0.5248288181617823
0.3385915311130351, 0.42758312894510103
0.2504545513930543, 0.36946650419207006
0.292096768746902, 0.2965291069894284
0.3329019533242434, 0.24761537322881547
0.37246532952285666, 0.15810734345408226
0.44001807921790653, 0.12531962191590412
0.5060193907483272, 0.09056172639548134
0.5601960016666556, 0.14788931462877358
0.5785142116287612, 0.06846716420634072
0.6941314673627683, 0.004970623979801224
0.6984466317500673, -0.04634222227901991
0.7173641299826159, -0.10995709842874736
0.7119669246927484, -0.1814508162255294
0.6658400969780409, -0.2155677613556772
0.6193764790232114, -0.2711060957396309
0.5520801655889294, -0.38396904878327803
0.4810103619703502, -0.43261167014948265
0.40224327095728224, -0.47782472242832985
0.3200025080491123, -0.46929592400413667
0.1811362976185084, -0.4836778221529523
0.12248736412732, -0.49221949003016807
0.0306340311329148, -0.45777512610361826
0.013646187693314335, -0.4088210273571694
-0.005071495342659888, -0.38356522294690676
-0.05070932862586609, -0.3498536245430765
-0.11271489316593461, -0.4264944421510811
-0.17296602125482888, -0.5228045095710712
-0.24517800991261812, -0.5284020958140437
-0.29210947061071085, -0.5095371679263773
-0.37120085873527586, -0.5262891529888203
-0.4440476993760266, -0.511748058330399
-0.5060440475536969, -0.4996980000062747
-0.5299389330218577, -0.41220209683065717
-0.49897642330503506, -0.3420353290765353
-0.4865786372942082, -0.31376063746943456
-0.4639719866545639, -0.26259617095347665
-0.4211725249121966, -0.16485961263509105
-0.4076568434501906, -0.09167766915349834
-0.41329276168996737, -0.05280878136299621
-0.4219533863594165, 0.005738865183867286
-0.4361804902446421, 0.13260001856780368
-0.5006885016151468, 0.22584101760995368
-0.49111963556218974, 0.32614274355576856
-0.39100455657227284, 0.2635599624848916
-0.3212935314010884, 0.26586172681997733
-0.25683652760756875, 0.29306144523830324
-0.186182537157263, 0.27719849539013064
-0.16314231814789884, 0.3317523230615734
-0.1526708781063527, 0.3774911847252408
-0.1534239965033702, 0.4172981195128535
-0.15776964235655624, 0.4503305119817872
-0.15750432035119616, 0.5641989422840519
-0.09913680275051631, 0.6254427025198009
-0.07086470072095782, 0.6736527091739096
-6.845652485186456E-4, 0.682333067247172
0.015490223207636333, 0.733697362689877
0.06355450877055502, 0.8043286834792881
0.11413587858170648, 0.7793401104232217
0.1478607861467613, 0.8588209908675836
0.22243188404620162, 0.8155658072457768
0.3094079801119313, 0.8498232232783326
-0.011584764065824817, -0.37875402391103224
0.37246532952285666, 0.15810734345408226
0.5601960016666556, 0.14788931462877358
0.6941314673627683, 0.004970623979801224
0.7173641299826159, -0.10995709842874736
0.7119669246927484, -0.1814508162255294
0.5520801655889294, -0.38396904878327803
0.4810103619703502, -0.43261167014948265
0.40224327095728224, -0.47782472242832985
0.12248736412732, -0.49221949003016807
0.0306340311329148, -0.45777512610361826
-0.5299389330218577, -0.41220209683065717
-0.42809182235165466, 0.06047446536160143
0.2504545513930543, 0.36946650419207006
0.3329019533242434, 0.24761537322881547
0.37246532952285666, 0.15810734345408226
-0.011584764065824817, -0.37875402391103224
-0.17296602125482888, -0.5228045095710712
-0.24517800991261812, -0.5284020958140437
-0.37120085873527586, -0.5262891529888203
-0.5060440475536969, -0.4996980000062747
-0.186182537157263, 0.27719849539013064
-0.15750432035119616, 0.5641989422840519
-0.07086470072095782, 0.6736527091739096
0.06355450877055502, 0.8043286834792881
0.1478607861467613, 0.8588209908675836
0.3094079801119313, 0.8498232232783326
0.41724671272900093, 0.5692038934161451
0.39368335863637544, 0.5248288181617823
0.3385915311130351, 0.42758312894510103
0.2504545513930543, 0.36946650419207006
-0.12021146366833985, 0.2006750226505648
-0.5006885016151468, 0.22584101760995368
-0.49111963556218974, 0.32614274355576856
-0.25683652760756875, 0.29306144523830324
-0.186182537157263, 0.27719849539013064
-0.12021146366833985, 0.2006750226505648
-0.42809182235165466, 0.06047446536160143
