-0.16014495433975076, -0.08187222951101482
-0.19157634478744293, 0.010086609286343305
-0.17120563500478198, 0.10911320782221218
-0.09119324012580705, 0.1681099896273941
-0.002223222314953117, 0.1704696684796164
0.05862213300504514, 0.12229708078917526
0.13049673830075295, 0.14205244893799
0.20458148921268418, 0.10045855721123266
0.1999249715038355, 0.004297353860330156
0.209950166260494, -0.09173026356082228
0.23285985377849558, -0.16342649251274213
0.2139051024780515, -0.24902296725407025
0.13817229877269224, -0.21162045215529823
0.002855206881238904, -0.11748379421906971
-0.08163463453570022, -0.1429030569175565
-0.19157634478744293, 0.010086609286343305
-0.17120563500478198, 0.10911320782221218
-0.09119324012580705, 0.1681099896273941
-0.002223222314953117, 0.1704696684796164
0.13049673830075295, 0.14205244893799
0.20458148921268418, 0.10045855721123266
0.23285985377849558, -0.16342649251274213
0.2139051024780515, -0.24902296725407025
-0.08163463453570022, -0.1429030569175565
-0.16014495433975076, -0.08187222951101482
