0.05698207419492401, 0.14026680512677625
0.0805036380742103, 0.20161820729104052
0.14367928636631358, 0.24363647604507743
0.12633761102899732, 0.3031938573511344
0.17052252035334545, 0.265714866281931
0.14742331775591697, 0.1804734843045198
0.12131494232153993, 0.09152820253082519
0.05698207419492401, 0.14026680512677625
0.0805036380742103, 0.20161820729104052
0.12633761102899732, 0.3031938573511344
0.17052252035334545, 0.265714866281931
0.14742331775591697, 0.1804734843045198
0.12131494232153993, 0.09152820253082519
