9.11447438363318E-4, 0.07838199805641856
-0.040511891215764345, 0.10703224846774446
-0.09154899742511331, 0.17342170494621226
-0.03369235013134402, 0.21872446692844874
0.06401520016318665, 0.19718525119299296
0.07792278880549253, 0.10934650701901193
-0.09154899742511331, 0.17342170494621226
-0.03369235013134402, 0.21872446692844874
0.06401520016318665, 0.19718525119299296
0.07792278880549253, 0.10934650701901193
9.11447438363318E-4, 0.07838199805641856
-0.040511891215764345, 0.10703224846774446
