-0.11262796986336145, 0.04167399493040733
-0.013280091284345982, 0.07716012294266208
0.10679898858991825, 0.07997845899213435
0.16775939537045792, 0.05967440772108719
0.26984593808829566, 0.04263075223110734
0.23738960936625694, 0.0010079115778893893
0.23470565307098268, -0.08635304843080019
0.14483667060630834, -0.06952042285617066
0.07250921697920454, -0.04279863384566727
0.03265744718314797, -0.04894847169150934
-0.03847148690711369, -0.06188057705812225
-0.13339845678955953, -0.026898166319930486
-0.13339845678955953, -0.026898166319930486
-0.11262796986336145, 0.04167399493040733
-0.013280091284345982, 0.07716012294266208
0.10679898858991825, 0.07997845899213435
0.26984593808829566, 0.04263075223110734
0.23470565307098268, -0.08635304843080019
-0.03847148690711369, -0.06188057705812225
