-0.19315588326887845, 0.25453086482055476
-0.17778506374780687, 0.33877336286894705
-0.13232513144180125, 0.3923901588353936
-0.03515138139623565, 0.40711307410245756
0.05129799435093209, 0.42159950013664005
0.10698254742118916, 0.35132358637956573
0.13708246148311534, 0.2902081838928641
0.10143585780914471, 0.19518062201237046
0.08028667369497056, 0.09247165682868559
0.07130467592266798, 0.04301126424224401
0.09011552463076927, -0.025088734275852585
0.1660991553339261, -0.08510784599149104
0.19842567640889985, -0.16099889687015523
0.2115479699311614, -0.26905729330481115
0.18716445653545463, -0.32898779708667564
0.15724810801861389, -0.41351648053114126
0.06683734500237792, -0.3936017969681347
-0.023337652779232346, -0.3814279704988332
-0.0687232572834501, -0.32990859829528313
-0.13862573541064804, -0.30374024475245265
-0.14138231779996815, -0.23378178911484088
-0.15270590691535119, -0.1270688577983547
-0.10520149752471876, -0.07774038979345131
-0.06486590070787186, 0.0028847879726464913
-0.08484016511239383, 0.09934431982352955
-0.11637302319640871, 0.11604985731354174
-0.20337419131292245, 0.19996079476789141
-0.20337419131292245, 0.19996079476789141
-0.17778506374780687, 0.33877336286894705
-0.13232513144180125, 0.3923901588353936
0.05129799435093209, 0.42159950013664005
0.10698254742118916, 0.35132358637956573
0.13708246148311534, 0.2902081838928641
0.1720054902421831, 0.03333351769145941
-0.06486590070787186, 0.0028847879726464913
-0.15270590691535119, -0.1270688577983547
-0.06486590070787186, 0.0028847879726464913
0.1720054902421831, 0.03333351769145941
0.19842567640889985, -0.16099889687015523
0.2115479699311614, -0.26905729330481115
0.15724810801861389, -0.41351648053114126
-0.023337652779232346, -0.3814279704988332
-0.13862573541064804, -0.30374024475245265
