-0.12128945465809156, 0.08532274479855446
-0.005552178443437646, 0.12273113501846453
0.03836403561251648, 0.15763608151826286
0.08424774592181349, 0.08053966989719756
0.0897929703481476, 0.022900384100523752
0.13947708483550586, -0.032497778583001714
0.17807850730118, -0.0974150727793334
0.10120770067964437, -0.12753825784199985
0.024872816747227855, -0.1239019239671088
-0.05050488399792365, -0.08401839348085344
-0.073822645059105, -0.09595478153034141
-0.13450883696580027, -0.14145884457867103
-0.13961477502288458, -0.0836405302671066
-0.12181511030096825, -0.02392343961485112
-0.09360824694670776, 0.04320156372676443
-0.13961477502288458, -0.0836405302671066
-0.12128945465809156, 0.08532274479855446
0.03836403561251648, 0.15763608151826286
0.08424774592181349, 0.08053966989719756
0.17807850730118, -0.0974150727793334
0.10120770067964437, -0.12753825784199985
-0.13450883696580027, -0.14145884457867103
