0.1470990180573822, -0.018215822486120768
0.10066454965118485, -0.1018251635530878
0.01702526835856493, -0.1361437610800634
-0.06174532773377418, -0.13002035127365213
-0.1346871696945455, -0.07663578393102148
-0.1980028309833369, -0.06407804683444496
-0.2503563735859805, -0.056644229742987315
-0.2317702677963646, -6.555889744025696E-4
-0.14560862330941068, 0.04940278259628039
-0.069844657121578, 0.09050001554623892
-0.020402973984050964, 0.1155241841509229
0.0480673303995418, 0.1559480788554454
0.1231656255901396, 0.10155013778467437
0.17077480840583792, 0.028618143105715067
-0.2503563735859805, -0.056644229742987315
-0.2317702677963646, -6.555889744025696E-4
-0.14560862330941068, 0.04940278259628039
0.0480673303995418, 0.1559480788554454
0.1231656255901396, 0.10155013778467437
0.17077480840583792, 0.028618143105715067
0.1470990180573822, -0.018215822486120768
0.10066454965118485, -0.1018251635530878
0.01702526835856493, -0.1361437610800634
-0.06174532773377418, -0.13002035127365213
