-0.19501620618370463, 0.18727186321304115
-0.09379262294133103, 0.10155547170396698
-0.00610548034963905, 0.053813362912606605
0.005817534618429543, 0.07373332473151836
0.048699817459507515, 0.10792689307734153
0.12459606765004017, 0.10609009282462123
0.19758293525578377, 0.11472073434235584
0.2812465208741784, 0.16924012558531892
0.33317880601564753, 0.18128501205626268
0.3458545678035831, 0.09598305408515972
0.28931252432122123, 0.026569717484504506
0.2837493427714295, -7.169279202543752E-4
0.27964027468735436, -0.032926090137376254
0.377785297853362, -0.0889877121189853
0.3961410683364378, -0.16495740904849934
0.3148265076912979, -0.17186298401928451
0.24763948696939653, -0.13979967584828976
0.16088750530595758, -0.13607155781885202
0.04680312758600227, -0.1815516213581442
-0.024738006966043443, -0.19855670400171777
-0.08722163261757868, -0.18456657216994285
-0.13269174110157525, -0.16376781473346488
-0.19387134439695244, -0.17440172000110604
-0.3176754641041857, -0.17001806348404552
-0.3619509648769504, -0.09501093947363738
-0.339896601103901, -0.027752550301802015
-0.34922536834372603, 0.06359815201855928
-0.3216957596537444, 0.11932712782276844
-0.287768926667777, 0.18915339791136776
-0.009256777307536317, -0.19487686873749593
-0.00610548034963905, 0.053813362912606605
0.005817534618429543, 0.07373332473151836
0.048699817459507515, 0.10792689307734153
0.2812465208741784, 0.16924012558531892
0.33317880601564753, 0.18128501205626268
0.3961410683364378, -0.16495740904849934
0.3148265076912979, -0.17186298401928451
-0.3619509648769504, -0.09501093947363738
-0.34922536834372603, 0.06359815201855928
-0.287768926667777, 0.18915339791136776
-0.19501620618370463, 0.18727186321304115
-0.00610548034963905, 0.053813362912606605
-0.009256777307536317, -0.19487686873749593
-0.024738006966043443, -0.19855670400171777
-0.3176754641041857, -0.17001806348404552
