-0.014683989381935995, 0.07309946968823058
0.028177913830436507, 0.10050443260371071
0.14017633335640292, 0.1381386102082793
0.2610173814352053, 0.16413018289577866
0.29440144246679834, 0.07925413216496409
0.2651360323243172, 0.0190874156760317
0.2770950209100415, -0.022662599703410804
0.30059942557717606, -0.08177652371689266
0.2980336949029719, -0.16742361994702593
0.24401706854101815, -0.1957433711325567
0.18784889999409646, -0.2215274567741996
0.1424179540791442, -0.27349319273560607
0.1231060602658797, -0.22088263179660436
0.10194208337658565, -0.14372122927452166
0.04346938234221474, -0.09915343678328958
0.0629789890720686, -0.04554193944286762
-0.02761389011714202, -0.025145404685862127
-0.02761389011714202, -0.025145404685862127
-0.014683989381935995, 0.07309946968823058
0.028177913830436507, 0.10050443260371071
0.14017633335640292, 0.1381386102082793
0.2610173814352053, 0.16413018289577866
0.29440144246679834, 0.07925413216496409
0.30059942557717606, -0.08177652371689266
0.2980336949029719, -0.16742361994702593
0.1424179540791442, -0.27349319273560607
