0.24195870258965071, -0.05102285977637477
0.17254564089491603, -0.08780121960856493
0.08344608806850223, -0.08486062680654372
-0.009127955049335857, -0.12177156391741409
-0.08358487474796956, -0.11549960907712298
-0.13916816594439232, -0.0742019136130877
-0.22627345394146528, -0.04029105584789887
-0.3019287461067349, -0.014905415578662751
-0.2828792362350649, 0.06705977783323658
-0.16361439704370592, 0.06768070269956651
-0.08167379892859294, 0.06984138501926969
0.011350801816305272, 0.08334446010786803
0.0978172883730346, 0.08191280905579014
0.16027862273464652, 0.019923680992902197
0.24270850305887898, -0.01369586400867525
-0.3019287461067349, -0.014905415578662751
-0.2828792362350649, 0.06705977783323658
0.011350801816305272, 0.08334446010786803
0.0978172883730346, 0.08191280905579014
0.24270850305887898, -0.01369586400867525
0.24195870258965071, -0.05102285977637477
0.17254564089491603, -0.08780121960856493
-0.009127955049335857, -0.12177156391741409
-0.08358487474796956, -0.11549960907712298
