0.030291439803506133, 0.1752668622530737
0.04503488563052955, 0.057009787218239356
0.11775429800762961, -0.007363069878710109
0.14890929472833828, -0.08682337038355228
0.08048456080420714, -0.1127214340689013
0.0668932012920342, -0.17005976427041117
0.05458470802732246, -0.2159581725961272
-0.03293909386945111, -0.19492628919647925
-0.08632016186755276, -0.23155237240589058
-0.08823549448030762, -0.15174771762424194
-0.04071255605915193, -0.07272728860432522
-0.08258859492783507, -0.011215871331328108
-0.10484661117422527, 0.10374168420320716
-0.030889741891946997, 0.16967298290623176
-0.10484661117422527, 0.10374168420320716
-0.030889741891946997, 0.16967298290623176
0.030291439803506133, 0.1752668622530737
0.11775429800762961, -0.007363069878710109
0.14890929472833828, -0.08682337038355228
0.05458470802732246, -0.2159581725961272
-0.08632016186755276, -0.23155237240589058
