0.1093808445533472, -0.11073585280706906
0.043210876837150136, -0.12934232206061497
-0.037555298270675816, -0.13592726020881107
-0.09977237550710047, -0.11080997848310255
-0.14025483167420247, -0.025100568735459596
-0.22955976269177336, 0.08669646985888843
-0.17073705739527698, 0.10615888733309534
-0.09932886986327019, 0.11557992386529937
-0.03864797738447621, 0.1500851364713639
0.013508058247153228, 0.06860942387561207
0.12509457695594808, 8.249302343677253E-4
0.1554033524378739, -0.051906364066668535
-0.22955976269177336, 0.08669646985888843
-0.03864797738447621, 0.1500851364713639
0.12509457695594808, 8.249302343677253E-4
0.1554033524378739, -0.051906364066668535
0.1093808445533472, -0.11073585280706906
0.043210876837150136, -0.12934232206061497
-0.037555298270675816, -0.13592726020881107
-0.09977237550710047, -0.11080997848310255
