-0.8580277097292556, -0.2619807139916829
-0.774253406796431, -0.2173056905730774
-0.670966364052156, -0.23145179055414644
-0.582461527006807, -0.19788545373769553
-0.5336839154240524, -0.2337010651215258
-0.5348184445240171, -0.31692232519828745
-0.6212756291633744, -0.31977358276052004
-0.7145730518278094, -0.36122547554637235
-0.7720599032233244, -0.31873438115854186
-0.8558030697691169, -0.33770023691338047
-0.8580277097292556, -0.2619807139916829
-0.774253406796431, -0.2173056905730774
-0.582461527006807, -0.19788545373769553
-0.5336839154240524, -0.2337010651215258
-0.5348184445240171, -0.31692232519828745
-0.7145730518278094, -0.36122547554637235
-0.8558030697691169, -0.33770023691338047
