-0.13817030672938066, 0.2397597624380548
-0.09211008597316964, 0.19053185805497067
0.011062848937856659, 0.19583241498124368
0.10399926281141159, 0.2275784087498782
0.17894272169157943, 0.16770452302522548
0.2272065693632759, 0.08784623414414229
0.22027183901351724, 0.007144644851608738
0.22639721979372718, -0.04735418736687309
0.24502965918360953, -0.1522268257065867
0.22698906690930298, -0.3296322833992202
0.1327222172091993, -0.3483327728438107
0.06672218380250641, -0.3561462951337403
0.02707215157711146, -0.36736330646815446
-0.023928553258358937, -0.33338357620145764
-0.05680082335864198, -0.23233143090206174
-0.05214277726340398, -0.1615337858170974
-0.06769096096851207, -0.11236893921634482
-0.10295523095462052, -0.08268756046001999
-0.16960017241852532, -0.10918093888898268
-0.23358599864338944, -0.12369137326244374
-0.24108115610124298, -0.033253483664862464
-0.2415971452598205, 0.023403399694291928
-0.23466082651645323, 0.1481959332584031
-0.23416973953636352, 0.23051201691866377
-0.2415971452598205, 0.023403399694291928
-0.23416973953636352, 0.23051201691866377
-0.13817030672938066, 0.2397597624380548
0.10399926281141159, 0.2275784087498782
0.17894272169157943, 0.16770452302522548
0.1915557364257861, 0.14683478671333333
-0.06769096096851207, -0.11236893921634482
-0.23358599864338944, -0.12369137326244374
-0.24108115610124298, -0.033253483664862464
-0.06769096096851207, -0.11236893921634482
0.1915557364257861, 0.14683478671333333
0.2272065693632759, 0.08784623414414229
0.24502965918360953, -0.1522268257065867
0.22698906690930298, -0.3296322833992202
0.1327222172091993, -0.3483327728438107
0.02707215157711146, -0.36736330646815446
-0.023928553258358937, -0.33338357620145764
-0.05680082335864198, -0.23233143090206174
