0.3610106564068067, 1.715176565756381
0.3838048322590526, 1.7178493113506346
0.4642062378005078, 1.769718954804554
0.5017016042195017, 1.8331338698050619
0.5450405306070474, 1.8954843312194372
0.6001749216456846, 1.930637973640422
0.6633734451245088, 1.8900981284868101
0.7342238653053528, 1.886738218740069
0.8062996453157161, 1.93066494736518
0.7974670600496953, 1.970187825653762
0.7617670956640998, 2.069662753409146
0.7336103723960657, 2.1258679718877675
0.8516830983378382, 2.1763955323151065
0.8459407884840703, 2.225211868504961
0.824551093287164, 2.2652065536320425
0.7853190453422663, 2.3066558169767015
0.7437806316608466, 2.3294416212898095
0.6626378332683344, 2.32451141360332
0.58981326685759, 2.3388488268528502
0.5379918065723042, 2.312368330732565
0.4630641948635039, 2.3003356879332864
0.4097928196910079, 2.326372835475691
0.3378513338378614, 2.363163976975956
0.3329628402002396, 2.443775029549768
0.32679402699219573, 2.492204212465055
0.3142353016404103, 2.5521787217857566
0.2312059371478269, 2.5998060912177814
0.2571260712364785, 2.652480561658506
0.33422807314880304, 2.676822300915281
0.38529509638041964, 2.6791429863719634
0.46589690630386893, 2.7179902363667106
0.5251982416582339, 2.660766271865024
0.5523637207003258, 2.6559926773192015
0.6208515610894269, 2.644722788498282
0.6393181565437901, 2.731365543549945
0.6895729540908813, 2.7421099079911384
0.733938023730162, 2.817667298586322
0.772270580369342, 2.714385645824704
0.759477433557337, 2.622323166376614
0.8145056355455587, 2.6136999391324762
0.887958930546415, 2.5854109794154967
0.9286943005870774, 2.675049683825309
1.0053932783283612, 2.685048444904897
1.0786834168634758, 2.707321705841699
1.152240188419107, 2.6488908907437323
1.2202390562427636, 2.6077128798715443
1.2697759941671216, 2.598794793592545
1.3252451913747554, 2.571113481259248
1.3389842383767965, 2.4752374438086684
1.4154819621220969, 2.4953473076391246
1.453068399567695, 2.452275641030105
1.4317707730635476, 2.4028897905421718
1.3632758470029438, 2.4025475223509245
1.266182558865122, 2.4355538046117795
1.2231477227875958, 2.4726790230298867
1.175736330213531, 2.483081994523682
1.1559236683877838, 2.4862899337264115
1.1227993344533103, 2.4783058126687396
1.11952302756394, 2.3842656559551587
1.180597854496405, 2.3341352594275104
1.0921895685674474, 2.245777178433873
0.9803429343664466, 2.2063586651183758
0.9428603105419693, 2.0984952588216212
0.9207918340527432, 2.019532670345987
0.9393925321264925, 1.9836885267760793
0.9965257082089087, 1.916518929120361
1.0544171673370166, 1.8781104059978093
1.1320536306966165, 1.887650724327691
1.1457044051143934, 1.9474252021918994
1.240997795096835, 1.9282484287761137
1.321281926277588, 1.8468852987398392
1.2814702881708082, 1.7944792199674622
1.2019397869113182, 1.8027611600284572
1.1392695951847043, 1.719580813863636
1.0756860268656692, 1.6427907868429592
1.123177307967749, 1.5313592481372114
1.2014789448604268, 1.4778193156535202
1.2874207930351498, 1.4858994309020008
1.312121042507145, 1.4920264109768462
1.3889768329243657, 1.5450484436607448
1.4640977958446655, 1.5398423746297805
1.5175119760020912, 1.6233842313354219
1.6116125406367474, 1.597873687319285
1.6697690627807322, 1.6175846096735413
1.765815033636057, 1.654136978778593
1.8139062754353843, 1.635330138862871
1.863682000277168, 1.5708985314288906
1.8631085731130006, 1.4607440746199807
1.8061014057003777, 1.5267534780063794
1.7229069074240047, 1.5062448347966093
1.7070685616476458, 1.4411833770376794
1.6866908784794985, 1.3724922328648625
1.6791611977784313, 1.3174423982037473
1.7190597935123786, 1.242437466628053
1.7451815790538059, 1.1867487592221249
1.7260897218351532, 1.1038506402336066
1.7324084660363541, 1.0471728009483672
1.7426001771045636, 1.0247666905349955
1.8479909512755686, 0.9815634207750361
1.8347811983934432, 0.9087579737903339
1.7742528231360464, 0.8730573555149137
1.6966390824571222, 0.8438472062769605
1.6359301357505385, 0.8530952462784557
1.572173296468103, 0.8373581323652074
1.4767694094100319, 0.8225874570207967
1.3594379916004802, 0.8106045606193294
1.3015961190747165, 0.791748794221459
1.3049503676730996, 0.717717177187951
1.2803501046977406, 0.6668313100425431
1.3578298459416847, 0.6116513086162914
1.3880580761712897, 0.525148200687792
1.353233985492002, 0.464036116112841
1.3649950882268256, 0.4096193669167765
1.3473518378350344, 0.3223721086264959
1.2601890654883519, 0.3421659853218346
1.2395638156605475, 0.3208922886034004
1.227662666463278, 0.24397611797031282
1.2832947798937724, 0.18874926568948242
1.2353512004482277, 0.1425199101233192
1.1817428446413127, 0.0697816289951601
1.1275180527658228, 0.044873174735634146
1.0933551995678539, -0.01438248504063011
0.9874115795563813, -0.06864385002981087
0.9263388336603968, -0.12125369017559377
0.8071882094778529, -0.13524600266869283
0.7468488679749921, -0.18580819450706693
0.7738667968229038, -0.23430018414462728
0.8154736998811536, -0.2734693742657058
0.8048122836854488, -0.3704745607663431
0.8319965988990431, -0.45990204135930135
0.9111925574263932, -0.458436570581754
0.9652117433372362, -0.522076305433438
0.9596061701465233, -0.5550170524785539
0.9957352006719881, -0.6287866064022872
1.0620305812436155, -0.6343691650824052
1.12331700257697, -0.5805582077525386
1.1832293886375362, -0.6093489940724561
1.2054135723430992, -0.6845509078749499
1.188036606044838, -0.7030169854577314
1.1700629814023378, -0.7339427281160114
1.1631781441885416, -0.7562572165678877
1.0706229974272998, -0.868483666909798
1.0001663447825884, -0.8424103640252383
0.9281785005851311, -0.8407563907677905
0.8925280309347668, -0.8806044015426594
0.8651736858464754, -0.9640496432096693
0.7682431832180692, -0.9486423285074941
0.7811124498815384, -0.8634995258815468
0.7051266926641977, -0.8148534848471319
0.6415667744775019, -0.8739143648110588
0.6459037111809313, -0.9276980723340079
0.5937856149412414, -0.9630752602801665
0.514206721032164, -0.9541741645847701
0.44779882668587306, -0.9612495429499001
0.4426807191383313, -1.0249580836620866
0.4577264066558415, -1.0957786846252373
0.4222244657726812, -1.1771565664171078
0.35026335202968845, -1.220183001993029
0.40495677631427396, -1.2834115066106064
0.43903476578010764, -1.3481866699695053
0.4197322734801298, -1.4284071338405144
0.4866949111369452, -1.4962555945859584
0.5488433435500693, -1.5687254804399602
0.6304534001804634, -1.5462511189989363
0.7097346746588705, -1.5543928155758022
0.7887070229069771, -1.5788816366798888
0.8407625752567652, -1.6009239699709563
0.8725067486474588, -1.6764151977215622
0.7977207017457614, -1.7341560732534267
0.7831008032002305, -1.7850203342135078
0.6971512039692679, -1.754346786463379
0.6359481078823431, -1.700249220945694
0.5803835703295134, -1.7476238626741227
0.5740766822161276, -1.77150132210688
0.6064468863246559, -1.8644475800627762
0.5611042609181977, -1.9094621976346253
0.5179100911448783, -1.9647806100548741
0.5073221863275005, -1.9891160079989734
0.4281972030057401, -2.0305881436242834
0.3421552928943953, -2.0269003757014272
0.2701229886439058, -2.061627605035185
0.22185832831845262, -2.0295122867575524
0.15673414328272686, -2.0490207234891167
0.10602728751102644, -2.074837048016986
0.03480123292087935, -2.028378595961895
-0.015090413002551553, -2.0700257197814245
-0.14684543685248877, -2.043607184952321
-0.20646743082440053, -2.115378542604173
-0.2114929798516942, -2.032514402688078
-0.2918294877532944, -2.033851996013915
-0.417721622697404, -2.038567492923101
-0.40866994348292046, -1.9734052277197793
-0.4194379710118436, -1.9151510376426313
-0.525333421674199, -1.8382918546354374
-0.6123496807672636, -1.7946251828500992
-0.6296813791848457, -1.8002410612107413
-0.7178746071366601, -1.835286048969066
-0.7335734922433618, -1.730635108154704
-0.7396142996228255, -1.55610860143009
-0.7401995651800196, -1.4824571715263297
-0.7634981080235754, -1.4203018396440006
-0.7919144741205669, -1.3810140768639738
-0.8519388431492546, -1.30605446654694
-0.9256733997589681, -1.2220207052724743
-0.9789851158161386, -1.150131231027302
-1.0180613240650307, -1.1085751912371378
-1.0459757061756647, -1.0664138208065417
-1.0970697298934393, -0.9998771308221965
-1.134431890353266, -0.9713297852664864
-1.173442590568682, -0.9438637030454745
-1.2505898774251591, -0.8831605145114886
-1.3009505888745956, -0.8399912790784861
-1.290032113679029, -0.7867121452363905
-1.2818990999433273, -0.7170426855394573
-1.3373991299559098, -0.6703739812305021
-1.294311405700795, -0.5721593537921197
-1.24487288689969, -0.5022176020121295
-1.2713159800913798, -0.45742102448769645
-1.2703822029005014, -0.32904399445964067
-1.298677751194526, -0.21264872764997678
-1.296736752428062, -0.15349036276189063
-1.33705034798425, -0.09658635159593494
-1.4029733282226757, -0.051568440248209016
-1.4115852218983178, 0.03391857120144648
-1.4525794133125574, 0.09883157494963471
-1.431735378686108, 0.15581984321659686
-1.3723959558157983, 0.2187632695548885
-1.4148916380929868, 0.2883451677965915
-1.5118798867205125, 0.26426530084170036
-1.5622465785307234, 0.32323473741509634
-1.5598640725227466, 0.394738200146022
-1.5342158271630826, 0.4467302266962386
-1.4797047727154282, 0.48078720837771793
-1.5033902753903927, 0.5688179523303547
-1.455972130880514, 0.6441246119844416
-1.4629128941002294, 0.6616394761676831
-1.4797082782751738, 0.7018472576920415
-1.4363350335422846, 0.7725929736265745
-1.3729454148822757, 0.7717412294218634
-1.3067830268768323, 0.7779953488797076
-1.2024469887811542, 0.7856903259474225
-1.1498558334785909, 0.8259141294113114
-1.1702914085890295, 0.8960266575611358
-1.1100638871907962, 0.9687037067868448
-1.1140685464249718, 1.0240645715319812
-1.078782182465063, 1.0675126057836457
-1.1133214561232168, 1.1545817240993936
-1.039083682331156, 1.2147871327166053
-0.9765387895890272, 1.1625565866811498
-0.9181179136373104, 1.1979187431543108
-0.8781356400086132, 1.1607370366551706
-0.7974008317374144, 1.149477104195889
-0.8422531950664491, 1.1040191688853267
-0.8412724811092543, 1.0732942472708118
-0.8022780148625662, 1.0324824448266254
-0.7436574706171287, 1.0499284779360574
-0.6677542358535385, 1.0224896087972704
-0.660048689396809, 0.9450558197030647
-0.6548366988855148, 0.8946323028936934
-0.6513359477089191, 0.8066750416405449
-0.5966762590742262, 0.7686035536484769
-0.5826496432132517, 0.6765266437470173
-0.5919901601748014, 0.5870203949153233
-0.6385189045156255, 0.5177832566700085
-0.6384305812099799, 0.47472076743446723
-0.570193330759536, 0.38231955423815067
-0.563653607744135, 0.3011234984526381
-0.4805040326740786, 0.26601430889119
-0.40528671978923303, 0.22555976930981778
-0.41465447477972567, 0.16070984502552232
-0.42577410974730867, 0.10977933830594591
-0.4070029909454412, 0.011575241283938005
-0.358723120925667, -0.07320793009322964
-0.32503709216081506, -0.11698699489892818
-0.2448152747593911, -0.16970228659692393
-0.15767995915171057, -0.18435770324675302
-0.09690061806195158, -0.20583096758833208
-0.05731529920059028, -0.19467892196745804
0.02067807471052937, -0.15971974196734537
0.06884879347427761, -0.18340108558609022
0.11779938047090409, -0.12697614964779136
0.07871203146697313, -0.05947313195983957
0.12302044397677754, -0.013794624077390424
0.19659161976511813, -0.009015271888396334
0.24923224482909823, -0.058439567523816516
0.2686015859221103, -0.0687644729337032
0.3423662109629386, -0.06013458953256388
0.34225577250688316, 0.03978770221986872
0.3270591399875514, 0.1276107796068695
0.4111601355287814, 0.13353915013423717
0.47867612781122365, 0.17410478695681286
0.5429856154013748, 0.13924464015437527
0.6400236916418212, 0.15166708391943654
0.7160927875618898, 0.14445685053868576
0.809254467525129, 0.11723493495628416
0.887195506869769, 0.14057698994097495
0.9493767449454642, 0.15580365274268806
1.0751717489351302, 0.15356091846028738
1.101016670810684, 0.24637480564981198
1.068889176628425, 0.3197690135393837
1.0777246500857074, 0.37926572334423286
1.046646600732232, 0.4248951774707561
0.9963760042042916, 0.4798906933874489
0.9784198902252892, 0.5549697373000636
0.9349288156214888, 0.5827510529123264
0.9649720883058716, 0.6625636771461717
0.8995758817243437, 0.70969647753084
0.8752397665419704, 0.7836780456422088
0.8572757800475636, 0.8241968989625705
0.7407843288919809, 0.811921697707466
0.6413682348277863, 0.7585498809685807
0.5874851726730429, 0.8676794932936975
0.4984598677988226, 0.9297829507901461
0.5130818072426861, 1.0025080900085186
0.44140061312232876, 1.038425004249308
0.36206726152112245, 1.0177393747069918
0.30818056451445625, 1.0124597147548022
0.2710564348954135, 1.0015084368530536
0.21145308756783748, 0.9489174281532496
0.16049346622871744, 0.9594391932673322
0.10742607003781157, 0.9610942562077345
0.054146387799572405, 0.9428903927258194
-0.05136633056914252, 0.9007703712053347
-0.08053744627337998, 0.9815980437377492
-0.03402365871175373, 1.0186104194913668
-0.07659716935317627, 1.1067035527870461
-0.014216577622070287, 1.1511060187340825
-0.02753289830659955, 1.2388859624918245
0.041301992791605624, 1.3135214172775127
0.10605473540346211, 1.2390451896874606
0.1898142952079304, 1.2621661626403444
0.27615585182487074, 1.2943409089557365
0.310543530546034, 1.3832562480085075
0.23917519902884513, 1.4234817864717901
0.1681469715731209, 1.4921501684287288
0.10056634858750046, 1.4863471739421834
0.12587486511277185, 1.5379969439267642
0.19109788561623867, 1.5889491631330523
0.25500866202192224, 1.5869048879625676
0.29242422118488537, 1.5986331824485775
0.33201039435022595, 1.6701260679290335
0.10056634858750046, 1.4863471739421834
0.12587486511277185, 1.5379969439267642
0.5450405306070474, 1.8954843312194372
0.6001749216456846, 1.930637973640422
0.6217352275855308, 1.9168077222966748
0.47319369678458356, 1.1932843213332016
0.27615585182487074, 1.2943409089557365
-0.08053744627337998, 0.9815980437377492
-0.07659716935317627, 1.1067035527870461
-0.02753289830659955, 1.2388859624918245
0.041301992791605624, 1.3135214172775127
0.27615585182487074, 1.2943409089557365
0.47319369678458356, 1.1932843213332016
0.44140061312232876, 1.038425004249308
0.21145308756783748, 0.9489174281532496
-0.05136633056914252, 0.9007703712053347
0.6966324976798126, 2.4259809148498457
0.759477433557337, 2.622323166376614
0.9286943005870774, 2.675049683825309
1.0272037819143531, 2.696245222736003
1.1227993344533103, 2.4783058126687396
1.180597854496405, 2.3341352594275104
1.1067418164733593, 2.2603211624688457
0.8459407884840703, 2.225211868504961
0.760370305487488, 2.2420015642454127
1.0272037819143531, 2.696245222736003
1.0786834168634758, 2.707321705841699
1.3252451913747554, 2.571113481259248
1.4154819621220969, 2.4953473076391246
1.453068399567695, 2.452275641030105
1.4317707730635476, 2.4028897905421718
1.3632758470029438, 2.4025475223509245
1.1227993344533103, 2.4783058126687396
0.6208515610894269, 2.644722788498282
0.6393181565437901, 2.731365543549945
0.733938023730162, 2.817667298586322
0.772270580369342, 2.714385645824704
0.759477433557337, 2.622323166376614
0.6966324976798126, 2.4259809148498457
0.2312059371478269, 2.5998060912177814
0.2571260712364785, 2.652480561658506
0.33422807314880304, 2.676822300915281
0.46589690630386893, 2.7179902363667106
0.6208515610894269, 2.644722788498282
0.760370305487488, 2.2420015642454127
0.4630641948635039, 2.3003356879332864
0.4097928196910079, 2.326372835475691
0.3378513338378614, 2.363163976975956
0.44140061312232876, 1.038425004249308
0.5674135706861766, 1.652215121601994
1.0756860268656692, 1.6427907868429592
1.314735615132924, 1.493830178194201
0.8572757800475636, 0.8241968989625705
0.6413682348277863, 0.7585498809685807
0.4984598677988226, 0.9297829507901461
0.5674135706861766, 1.652215121601994
0.6217352275855308, 1.9168077222966748
0.9207918340527432, 2.019532670345987
1.240997795096835, 1.9282484287761137
1.321281926277588, 1.8468852987398392
1.2814702881708082, 1.7944792199674622
1.0756860268656692, 1.6427907868429592
0.7336103723960657, 2.1258679718877675
0.8459407884840703, 2.225211868504961
1.1067418164733593, 2.2603211624688457
0.9207918340527432, 2.019532670345987
0.8004009908187362, 1.9570594623037902
0.8572757800475636, 0.8241968989625705
0.9953523232945342, 1.0263144213067652
1.3015961190747165, 0.791748794221459
1.3880580761712897, 0.525148200687792
1.3649950882268256, 0.4096193669167765
1.3473518378350344, 0.3223721086264959
1.2832947798937724, 0.18874926568948242
1.1817428446413127, 0.0697816289951601
1.1717564277713266, 0.0651943138719638
1.0751717489351302, 0.15356091846028738
0.9349288156214888, 0.5827510529123264
0.9953523232945342, 1.0263144213067652
1.2044672401422736, 1.3324184697176433
1.6791611977784313, 1.3174423982037473
1.7190597935123786, 1.242437466628053
1.8479909512755686, 0.9815634207750361
1.8347811983934432, 0.9087579737903339
1.7742528231360464, 0.8730573555149137
1.6966390824571222, 0.8438472062769605
1.3015961190747165, 0.791748794221459
1.2044672401422736, 1.3324184697176433
1.314735615132924, 1.493830178194201
1.3889768329243657, 1.5450484436607448
1.5175119760020912, 1.6233842313354219
1.621607426121034, 1.6362766262901796
1.7229069074240047, 1.5062448347966093
1.6791611977784313, 1.3174423982037473
1.621607426121034, 1.6362766262901796
1.765815033636057, 1.654136978778593
1.8139062754353843, 1.635330138862871
1.863682000277168, 1.5708985314288906
1.8631085731130006, 1.4607440746199807
1.7229069074240047, 1.5062448347966093
0.7682431832180692, -0.9486423285074941
0.7729809207671721, -0.8582937253018595
0.9957352006719881, -0.6287866064022872
1.12331700257697, -0.5805582077525386
1.1832293886375362, -0.6093489940724561
1.2054135723430992, -0.6845509078749499
1.1631781441885416, -0.7562572165678877
1.0706229974272998, -0.868483666909798
0.8651736858464754, -0.9640496432096693
0.18186708934433793, -2.0414919615114924
0.5436052846134348, -1.5754735429174025
0.6359481078823431, -1.700249220945694
0.6064468863246559, -1.8644475800627762
0.5073221863275005, -1.9891160079989734
0.4281972030057401, -2.0305881436242834
0.2701229886439058, -2.061627605035185
0.5436052846134348, -1.5754735429174025
0.5488433435500693, -1.5687254804399602
0.6304534001804634, -1.5462511189989363
0.7097346746588705, -1.5543928155758022
0.7887070229069771, -1.5788816366798888
0.8407625752567652, -1.6009239699709563
0.8725067486474588, -1.6764151977215622
0.7831008032002305, -1.7850203342135078
0.6971512039692679, -1.754346786463379
0.6359481078823431, -1.700249220945694
-1.0548097696808234, -1.0549097484713603
-0.16077748561539018, -1.1600712678668939
-0.7634981080235754, -1.4203018396440006
-0.9256733997589681, -1.2220207052724743
-1.0180613240650307, -1.1085751912371378
-0.7634981080235754, -1.4203018396440006
-0.16077748561539018, -1.1600712678668939
-0.07299515950265323, -1.1703967594119107
-0.525333421674199, -1.8382918546354374
-0.7178746071366601, -1.835286048969066
-0.7335734922433618, -1.730635108154704
-0.525333421674199, -1.8382918546354374
-0.07299515950265323, -1.1703967594119107
0.35026335202968845, -1.220183001993029
0.40495677631427396, -1.2834115066106064
0.43903476578010764, -1.3481866699695053
0.5488433435500693, -1.5687254804399602
0.18186708934433793, -2.0414919615114924
0.10602728751102644, -2.074837048016986
-0.20646743082440053, -2.115378542604173
-0.417721622697404, -2.038567492923101
-1.3373991299559098, -0.6703739812305021
-1.2830502509653194, -0.2769332942484167
-0.217767560510501, -0.22911121751826605
0.44779882668587306, -0.9612495429499001
0.4577264066558415, -1.0957786846252373
0.4222244657726812, -1.1771565664171078
0.35026335202968845, -1.220183001993029
-1.0548097696808234, -1.0549097484713603
-1.3009505888745956, -0.8399912790784861
-0.217767560510501, -0.22911121751826605
0.7468488679749921, -0.18580819450706693
0.8154736998811536, -0.2734693742657058
0.9652117433372362, -0.522076305433438
0.9957352006719881, -0.6287866064022872
0.7729809207671721, -0.8582937253018595
0.5937856149412414, -0.9630752602801665
0.44779882668587306, -0.9612495429499001
-1.1702914085890295, 0.8960266575611358
-1.1133214561232168, 1.1545817240993936
-1.039083682331156, 1.2147871327166053
-0.9181179136373104, 1.1979187431543108
-0.7974008317374144, 1.149477104195889
-0.6677542358535385, 1.0224896087972704
-0.5966762590742262, 0.7686035536484769
-0.5826496432132517, 0.6765266437470173
-0.5919901601748014, 0.5870203949153233
-0.6264388282485217, 0.535759024603758
-0.7464264070953942, 0.48477009809923893
-1.1498558334785909, 0.8259141294113114
-1.5622465785307234, 0.32323473741509634
-1.5598640725227466, 0.394738200146022
-1.4797082782751738, 0.7018472576920415
-1.4363350335422846, 0.7725929736265745
-1.1498558334785909, 0.8259141294113114
-0.7464264070953942, 0.48477009809923893
-1.3723959558157983, 0.2187632695548885
-1.5118798867205125, 0.26426530084170036
0.3270591399875514, 0.1276107796068695
0.47867612781122365, 0.17410478695681286
1.0751717489351302, 0.15356091846028738
1.1717564277713266, 0.0651943138719638
1.0933551995678539, -0.01438248504063011
0.9263388336603968, -0.12125369017559377
0.7468488679749921, -0.18580819450706693
0.43903843437385803, -0.19962624891263475
0.3423662109629386, -0.06013458953256388
-0.10095172628210414, -0.22386718620355286
-0.09690061806195158, -0.20583096758833208
0.12302044397677754, -0.013794624077390424
0.19659161976511813, -0.009015271888396334
0.3423662109629386, -0.06013458953256388
0.43903843437385803, -0.19962624891263475
-0.6011605268748366, -0.24632228085343336
-0.358723120925667, -0.07320793009322964
-0.09690061806195158, -0.20583096758833208
-0.10095172628210414, -0.22386718620355286
-1.4525794133125574, 0.09883157494963471
-1.431735378686108, 0.15581984321659686
-1.3723959558157983, 0.2187632695548885
-0.6264388282485217, 0.535759024603758
-0.40528671978923303, 0.22555976930981778
-0.358723120925667, -0.07320793009322964
-0.6011605268748366, -0.24632228085343336
-1.2830502509653194, -0.2769332942484167
-1.4029733282226757, -0.051568440248209016
