0.7722799129173538, 0.25427990628847674
0.6782861259152033, 0.26466789178520245
0.6172331820358824, 0.32464894025378765
0.5969873724750556, 0.4479464639170921
0.6512020377875447, 0.4199345415956867
0.6995089898849592, 0.3599774344252331
0.7483062219743482, 0.35385106063162164
0.5969873724750556, 0.4479464639170921
0.6512020377875447, 0.4199345415956867
0.7483062219743482, 0.35385106063162164
0.7722799129173538, 0.25427990628847674
0.6782861259152033, 0.26466789178520245
0.6172331820358824, 0.32464894025378765
