-0.1781177081709586, 0.005706408386918187
-0.24042266587880476, -0.06343026859236608
-0.31105473400745876, 6.97087308549718E-4
-0.36570666123456114, 0.06973603758179733
-0.307176407456595, 0.10397837482188892
-0.24797112477804115, 0.07658001258641292
-0.22386715217811073, 0.07065390363337785
-0.36570666123456114, 0.06973603758179733
-0.307176407456595, 0.10397837482188892
-0.22386715217811073, 0.07065390363337785
-0.1781177081709586, 0.005706408386918187
-0.24042266587880476, -0.06343026859236608
-0.31105473400745876, 6.97087308549718E-4
