-0.8113814959926345, -0.1861275305828841
-0.8667916325648646, -0.12389292286265595
-0.8746007881910535, -0.05165439891693798
-0.8537339807337236, 0.005365908313358765
-0.8489482714500174, 0.019401582563407373
-0.8431534622608576, 0.052846200831002436
-0.8376434606794985, 0.1347810831196827
-0.8794909059448752, 0.21284299962976078
-0.7450471738835636, 0.23790274145753312
-0.6458839102957817, 0.22603958706598476
-0.580376205441088, 0.23275607308252869
-0.49810945489283237, 0.24720880645165744
-0.39025620220442153, 0.25177835968202694
-0.34343046837417446, 0.21423901455155694
-0.19878773888087373, 0.21708341287498972
-0.1196757178814566, 0.22369461584380784
-0.0016427667134972454, 0.25905232502101055
0.07861640065619374, 0.25686713673896117
0.17699601152422897, 0.21786894736074985
0.2550032152593137, 0.1950023043377534
0.31606923577169277, 0.1784955368001527
0.39682806160767803, 0.21803073509038556
0.4819034906984388, 0.19559503745239998
0.5819396162670358, 0.1794557911232001
0.6579229294891085, 0.20072056152320195
0.6807864240502887, 0.23566063322751685
0.7148908477434688, 0.28209068659985453
0.8100301607267929, 0.2688873381856461
0.9536044996106635, 0.2684060358917915
0.9795564055312639, 0.19883769086767145
1.0115085368141652, 0.12078375825666601
0.97434145927512, 0.08108629365085235
0.9945193736989801, -0.02671315338209871
0.9784978585934138, -0.08673660341939382
1.0104165056506902, -0.14858136910428607
0.9420531981358455, -0.17418453496872266
0.8508146691499584, -0.19585106894828935
0.7786982765877078, -0.22008163221519142
0.727595044224429, -0.2403391326206852
0.7018489708769104, -0.3124952851762044
0.6152309789923579, -0.27081699821367855
0.55811645883922, -0.28102515754444807
0.5175714810946267, -0.24876943920164304
0.43991334686204003, -0.2686827769353497
0.36776278503407095, -0.2688520816540069
0.2941502123523493, -0.23148481252830397
0.22693021528755458, -0.2946082222717538
0.1981418062514843, -0.4108664252880281
0.1374430164104505, -0.42445488595142156
0.10044490335418921, -0.3709098228321734
0.0725832204037275, -0.3514330704649853
-0.008842834052712802, -0.3694027252947519
-0.14225355230828077, -0.3262905877121648
-0.2018566233833578, -0.31195574471643206
-0.2616046563613306, -0.26005428738095937
-0.36085658045099606, -0.2682728792848494
-0.4203438202062911, -0.23965396214950793
-0.47040936615059364, -0.27944568184168095
-0.5498042649737166, -0.30564105203153036
-0.6299827075274171, -0.3538335133653437
-0.6076918290337426, -0.26371042798232447
-0.6438290326796585, -0.18567012249699558
-0.7202659543735688, -0.21267020523824262
-0.8794909059448752, 0.21284299962976078
-0.7450471738835636, 0.23790274145753312
-0.39025620220442153, 0.25177835968202694
-0.37508208781245855, 0.25219456014707764
-0.39012280683941886, 0.08875063000054596
-0.6438290326796585, -0.18567012249699558
-0.7202659543735688, -0.21267020523824262
-0.8113814959926345, -0.1861275305828841
-0.8667916325648646, -0.12389292286265595
-0.8746007881910535, -0.05165439891693798
-0.6438290326796585, -0.18567012249699558
-0.39012280683941886, 0.08875063000054596
-0.4203438202062911, -0.23965396214950793
-0.47040936615059364, -0.27944568184168095
-0.6299827075274171, -0.3538335133653437
-0.4203438202062911, -0.23965396214950793
-0.37508208781245855, 0.25219456014707764
0.19510181270371607, 0.26783374662144166
0.2941502123523493, -0.23148481252830397
0.1981418062514843, -0.4108664252880281
0.1374430164104505, -0.42445488595142156
-0.36085658045099606, -0.2682728792848494
0.19510181270371607, 0.26783374662144166
0.7148908477434688, 0.28209068659985453
0.9536044996106635, 0.2684060358917915
1.0115085368141652, 0.12078375825666601
1.0104165056506902, -0.14858136910428607
0.7018489708769104, -0.3124952851762044
0.36776278503407095, -0.2688520816540069
0.2941502123523493, -0.23148481252830397
