0.20123356071749107, -0.08330067477523337
0.16450734227719735, -0.1482663430826818
0.08359929510652213, -0.11006800884818957
0.03637890679993594, -0.11668848971532868
0.004410600176803164, -0.12357161427686103
-0.04023137315889415, -0.1901766862722046
-0.09175892413246767, -0.18974970769411287
-0.13966075646461895, -0.14501186438601243
-0.13673245114005478, -0.05645128855001274
-0.15535009463965627, -0.019919575709367025
-0.2213690256040625, 0.012194923728336618
-0.17779161434243954, 0.0831930926967602
-0.18177393564593877, 0.1350703048551991
-0.15994899028602882, 0.1376213191771329
-0.06101168814101431, 0.09134420252049646
0.002561260114899877, 0.10777283268691432
0.05889674582868159, 0.04191596544979743
0.13006492492020205, -0.011391972257518574
-0.2213690256040625, 0.012194923728336618
-0.18177393564593877, 0.1350703048551991
-0.15994899028602882, 0.1376213191771329
0.002561260114899877, 0.10777283268691432
0.13006492492020205, -0.011391972257518574
0.20123356071749107, -0.08330067477523337
0.16450734227719735, -0.1482663430826818
-0.04023137315889415, -0.1901766862722046
-0.09175892413246767, -0.18974970769411287
-0.13966075646461895, -0.14501186438601243
