-0.22386715217811073, 0.07065390363337785
-0.15482970684434214, 0.10045795044059277
-0.1074017511959592, 0.044952212102503705
-0.05369718735554923, 0.060866901217918434
-0.03356213625291384, -0.005291591634910241
-0.1044288435503961, -0.029713952718163954
-0.1781177081709586, 0.005706408386918187
-0.22386715217811073, 0.07065390363337785
-0.15482970684434214, 0.10045795044059277
-0.05369718735554923, 0.060866901217918434
-0.03356213625291384, -0.005291591634910241
-0.1044288435503961, -0.029713952718163954
-0.1781177081709586, 0.005706408386918187
