-0.49972592957017264, 0.5614482107924619
-0.469267872188275, 0.6172619036342988
-0.41388029508916474, 0.6243365889740019
-0.3699616048412776, 0.5983050896002532
-0.37585867480129703, 0.506442327508626
-0.42171468454585365, 0.49420796296207464
-0.46682133607616577, 0.46415438723030655
-0.49972592957017264, 0.5614482107924619
-0.469267872188275, 0.6172619036342988
-0.41388029508916474, 0.6243365889740019
-0.3699616048412776, 0.5983050896002532
-0.37585867480129703, 0.506442327508626
-0.46682133607616577, 0.46415438723030655
