-0.18001432916414498, -0.00451046967033378
-0.09981451076064249, 0.02644767519884939
-0.018257322463102632, 0.07011770891631168
0.020765527738897248, 0.14198748328459088
0.10735471037698362, 0.1656124802733592
0.13146367463509379, 0.10695330036138702
0.14648322786358942, 0.02310665403584905
0.12430134274887955, -0.04359412568565263
0.13268586705007496, -0.12986126570333922
0.10114161778792223, -0.07820299451466552
0.02495580220287013, -0.09741348973611857
-0.1131620189678561, -0.07497443388367325
-0.18234405188167857, -0.0816502245727616
-0.18234405188167857, -0.0816502245727616
-0.18001432916414498, -0.00451046967033378
0.020765527738897248, 0.14198748328459088
0.10735471037698362, 0.1656124802733592
0.13146367463509379, 0.10695330036138702
0.14648322786358942, 0.02310665403584905
0.13268586705007496, -0.12986126570333922
