0.013555710069030134, -0.22749305405067222
-0.01420627510409698, -0.2779317138191487
-0.07115751500351364, -0.24880322448424388
-0.13480269802856287, -0.2503832995991316
-0.12003445991145759, -0.1826739658861741
-0.04996391795230139, -0.16676707153485207
0.014741391593582103, -0.1679029624209939
-0.13480269802856287, -0.2503832995991316
-0.12003445991145759, -0.1826739658861741
-0.04996391795230139, -0.16676707153485207
0.014741391593582103, -0.1679029624209939
0.013555710069030134, -0.22749305405067222
-0.01420627510409698, -0.2779317138191487
