0.11166026052341856, -0.14987386295624122
0.10448929142739549, -0.23901131433876374
0.029547802933106434, -0.2747634553833253
-0.015848250202187372, -0.2080915263627742
-0.040475142980731425, -0.14865010224506384
0.030709767570278018, -0.1185612353526847
0.07270121449182063, -0.07671570846684854
-0.040475142980731425, -0.14865010224506384
0.07270121449182063, -0.07671570846684854
0.11166026052341856, -0.14987386295624122
0.10448929142739549, -0.23901131433876374
0.029547802933106434, -0.2747634553833253
-0.015848250202187372, -0.2080915263627742
