0.16993798766802592, 0.08944103286831745
0.10295688073875044, 0.03240413916288664
0.07730881570785954, 0.009263791453582812
0.02815144991218256, -0.04284588993906833
-0.04190743861266693, -0.10402407684627007
-0.11104108586467754, -0.15706438957258717
-0.16901828599087013, -0.20847668003157907
-0.19583536237507035, -0.14325368734725505
-0.15371065007871473, -0.06320794163592934
-0.1309864505283479, -0.009472301349780231
-0.043863004597059815, 0.0352039790320788
0.010156782114114592, 0.0836517689319909
0.07020844424156282, 0.13730361052423898
0.15210845847511448, 0.17691610183627066
0.22703728157147307, 0.14123970943520878
-0.19583536237507035, -0.14325368734725505
-0.1309864505283479, -0.009472301349780231
0.07020844424156282, 0.13730361052423898
0.15210845847511448, 0.17691610183627066
0.22703728157147307, 0.14123970943520878
0.02815144991218256, -0.04284588993906833
-0.04190743861266693, -0.10402407684627007
-0.16901828599087013, -0.20847668003157907
