0.08931042196203781, 0.097888873918499
0.16126094943670538, 0.0380634131515635
0.16280285611090312, -0.03530156957493449
0.0785281525832396, -0.047272996086983925
0.039684226440008345, -0.11130827509115716
-0.04125998259452931, -0.1399611908723466
-0.09759502344272647, -0.11045417950459216
-0.134486124688622, -0.03472141159179878
-0.11690251613292293, 0.026831537500803533
-0.08262681395760627, 0.06354579806365998
0.015009259678401821, 0.05127796922414808
0.029024447420716165, 0.10500605602966115
-0.134486124688622, -0.03472141159179878
-0.11690251613292293, 0.026831537500803533
-0.08262681395760627, 0.06354579806365998
0.029024447420716165, 0.10500605602966115
0.08931042196203781, 0.097888873918499
0.16126094943670538, 0.0380634131515635
0.16280285611090312, -0.03530156957493449
0.039684226440008345, -0.11130827509115716
-0.04125998259452931, -0.1399611908723466
-0.09759502344272647, -0.11045417950459216
