-0.13339845678955953, -0.026898166319930486
-0.1875085993434007, -0.028034528953809684
-0.19406424876103812, -0.10669255436411873
-0.24069328918375021, -0.0777100773700519
-0.2640329008348726, 0.009611823160117257
-0.2014517693953203, 0.08321438527478403
-0.11262796986336145, 0.04167399493040733
-0.2640329008348726, 0.009611823160117257
-0.2014517693953203, 0.08321438527478403
-0.11262796986336145, 0.04167399493040733
-0.13339845678955953, -0.026898166319930486
-0.19406424876103812, -0.10669255436411873
-0.24069328918375021, -0.0777100773700519
